/*--------------------------------*- C++ -*----------------------------------*\
| =========                 |                                                 |
| \\      /  F ield         | OpenFOAM: The Open Source CFD Toolbox           |
|  \\    /   O peration     | Version:  5.x                                   |
|   \\  /    A nd           | Web:      www.OpenFOAM.org                      |
|    \\/     M anipulation  |                                                 |
\*---------------------------------------------------------------------------*/
FoamFile
{
    version     2.0;
    format      ascii;
    class       cellSet;
    location    "constant/polyMesh/sets";
    object      gasInletCells;
}
// * * * * * * * * * * * * * * * * * * * * * * * * * * * * * * * * * * * * * //


1568
(
14 
15 
16 
119 
120 
98448 
98449 
98450 
98451 
98452 
98453 
98454 
98463 
98465 
98467 
98476 
98477 
98478 
98479 
98480 
98481 
98482 
98491 
65723 
98492 
98494 
65726 
65727 
98497 
98498 
65730 
98499 
98500 
98501 
65733 
98502 
65734 
98503 
98504 
98505 
98506 
98507 
98508 
98509 
98510 
98511 
98512 
98513 
98514 
98515 
98516 
98517 
98518 
98519 
98520 
98521 
98522 
98523 
98524 
98525 
98526 
98527 
98528 
98529 
98530 
98531 
98532 
98533 
98534 
98535 
98536 
98537 
98538 
98539 
98540 
98541 
98542 
98543 
98544 
98545 
98546 
98547 
98548 
98549 
98550 
98551 
98552 
98553 
98554 
98555 
98556 
98557 
98558 
98559 
98560 
98561 
98562 
98563 
98564 
98565 
98566 
98567 
98568 
98569 
98570 
98571 
98572 
98573 
98574 
98575 
98576 
98577 
98578 
98579 
98580 
98581 
98582 
98583 
98584 
98585 
98586 
98587 
98588 
98589 
98590 
98591 
98592 
98593 
98594 
98603 
98605 
98607 
98616 
98617 
98618 
98619 
98620 
98621 
98622 
98631 
98632 
98634 
115668 
115669 
115670 
115671 
115672 
115673 
115674 
115683 
115685 
115687 
115696 
115697 
115698 
115699 
115700 
115701 
115702 
115711 
115712 
115714 
115717 
115718 
115719 
115720 
115721 
115722 
115723 
115724 
115725 
115726 
115727 
115728 
115729 
115730 
115731 
115732 
115733 
115734 
115735 
115736 
115737 
115738 
115739 
115740 
115741 
115742 
99358 
115743 
99359 
115744 
99360 
115745 
99361 
115746 
99362 
115747 
99363 
115748 
99364 
115749 
115750 
115751 
115752 
115753 
115754 
115755 
115756 
115757 
115758 
115759 
115760 
115761 
115762 
115763 
115764 
99380 
115765 
99381 
115766 
115767 
99383 
115768 
115769 
115770 
99386 
115771 
99387 
115772 
99388 
115773 
99389 
115774 
99390 
115775 
99391 
115776 
99392 
115777 
115778 
115779 
115780 
115781 
115782 
115783 
115784 
115785 
115786 
115787 
115788 
115789 
115790 
115791 
115792 
99408 
115793 
115794 
99410 
115795 
115796 
99412 
115797 
115798 
115799 
115800 
115801 
115802 
115803 
115804 
115805 
115806 
115807 
115808 
115809 
115810 
115811 
115812 
99428 
115813 
99429 
115814 
99430 
99431 
99432 
99433 
99434 
99436 
99437 
115823 
99439 
115825 
115827 
115836 
115837 
115838 
115839 
115840 
115841 
115842 
115851 
115852 
115854 
116578 
116579 
116580 
116581 
116582 
116583 
116584 
116600 
116601 
116603 
116606 
116607 
116608 
116609 
116610 
116611 
116612 
116628 
116630 
116632 
116648 
116649 
116650 
116651 
116652 
116653 
116654 
116656 
116657 
116659 
67921 
67923 
67925 
67927 
67928 
67929 
67930 
67931 
67932 
67933 
67934 
67935 
67936 
67937 
67938 
67939 
67940 
67941 
67943 
67945 
67947 
18914 
18915 
18916 
19019 
19020 
68173 
68176 
68177 
68180 
68183 
68184 
3164 
3165 
3166 
3269 
3270 
102753 
102754 
102755 
102756 
102757 
102758 
102759 
102768 
102770 
102772 
102781 
102782 
102783 
102784 
102785 
102786 
102787 
102796 
102797 
102799 
102802 
102803 
102804 
102805 
102806 
102807 
102808 
102809 
102810 
102811 
102812 
102813 
102814 
102815 
102816 
102817 
102818 
102819 
102820 
102821 
102822 
102823 
102824 
102825 
102826 
102827 
102828 
102829 
102830 
102831 
102832 
102833 
102834 
102835 
102836 
102837 
102838 
102839 
102840 
102841 
102842 
102843 
102844 
102845 
102846 
102847 
102848 
102849 
102850 
102851 
102852 
102853 
102854 
102855 
102856 
102857 
102858 
102859 
102860 
102861 
102862 
102863 
102864 
102865 
102866 
102867 
102868 
102869 
102870 
102871 
102872 
102873 
102874 
102875 
102876 
102877 
102878 
102879 
102880 
102881 
102882 
102883 
102884 
102885 
102886 
102887 
102888 
102889 
102890 
102891 
102892 
102893 
102894 
102895 
102896 
102897 
102898 
102899 
102908 
102910 
102912 
102921 
102922 
102923 
102924 
102925 
102926 
102927 
102936 
102937 
102939 
70371 
70373 
70375 
70377 
70378 
70379 
70380 
70381 
70382 
70383 
70384 
70385 
70386 
70387 
70388 
70389 
70390 
70391 
70393 
70395 
70397 
70623 
70626 
70627 
70630 
70633 
70634 
119973 
119974 
119975 
119976 
119977 
119978 
119979 
119988 
119990 
119992 
120001 
120002 
120003 
120004 
120005 
120006 
120007 
120016 
120017 
120019 
120022 
120023 
120024 
120025 
120026 
120027 
120028 
120029 
120030 
120031 
120032 
120033 
120034 
120035 
120036 
120037 
120038 
120039 
120040 
120041 
120042 
120043 
120044 
120045 
120046 
120047 
103663 
120048 
103664 
120049 
103665 
120050 
103666 
120051 
103667 
120052 
103668 
120053 
103669 
120054 
120055 
120056 
120057 
120058 
120059 
120060 
120061 
120062 
120063 
120064 
120065 
120066 
120067 
120068 
120069 
103685 
120070 
103686 
120071 
120072 
103688 
120073 
120074 
120075 
103691 
120076 
103692 
120077 
103693 
120078 
103694 
120079 
103695 
120080 
103696 
120081 
103697 
120082 
120083 
120084 
120085 
120086 
120087 
120088 
120089 
120090 
120091 
120092 
120093 
120094 
120095 
120096 
120097 
103713 
120098 
120099 
103715 
120100 
120101 
103717 
120102 
120103 
120104 
120105 
120106 
120107 
120108 
120109 
120110 
120111 
120112 
120113 
120114 
120115 
120116 
120117 
103733 
120118 
103734 
120119 
103735 
103736 
103737 
103738 
103739 
103741 
103742 
120128 
103744 
120130 
120132 
120141 
120142 
120143 
120144 
120145 
120146 
120147 
120156 
120157 
120159 
120883 
120884 
120885 
120886 
120887 
120888 
120889 
120905 
120906 
120908 
120911 
120912 
120913 
120914 
120915 
120916 
120917 
120933 
120935 
120937 
120953 
120954 
120955 
120956 
120957 
120958 
120959 
120961 
120962 
120964 
6314 
6315 
6316 
6419 
6420 
72821 
72823 
72825 
72827 
72828 
72829 
72830 
72831 
72832 
72833 
72834 
72835 
72836 
72837 
72838 
72839 
72840 
72841 
72843 
72845 
72847 
73073 
73076 
73077 
73080 
73083 
73084 
89957 
89958 
89959 
89960 
89961 
89962 
89963 
89964 
89965 
89966 
89967 
89968 
89969 
89970 
89971 
89972 
89973 
89974 
89975 
89976 
89977 
90077 
90079 
90080 
90083 
90084 
90085 
90086 
90087 
90088 
90089 
90552 
90553 
90554 
90555 
90556 
90557 
90558 
90559 
90560 
90561 
90562 
90563 
90564 
90565 
90566 
90567 
90568 
90569 
90570 
90571 
90572 
90672 
107058 
90674 
107059 
107060 
90676 
107061 
107062 
90678 
107063 
90679 
107064 
90680 
90681 
90682 
90683 
90684 
107073 
107075 
107077 
107086 
107087 
107088 
107089 
107090 
107091 
107092 
107101 
107102 
107104 
107107 
107108 
107109 
107110 
107111 
107112 
107113 
107114 
107115 
107116 
107117 
107118 
107119 
107120 
107121 
107122 
107123 
107124 
107125 
107126 
107127 
107128 
107129 
107130 
107131 
107132 
107133 
107134 
107135 
107136 
107137 
107138 
107139 
107140 
107141 
107142 
107143 
107144 
107145 
107146 
107147 
107148 
107149 
107150 
107151 
107152 
107153 
107154 
107155 
107156 
107157 
107158 
107159 
107160 
107161 
107162 
107163 
107164 
107165 
107166 
107167 
107168 
107169 
107170 
107171 
107172 
107173 
107174 
107175 
107176 
107177 
107178 
107179 
107180 
107181 
107182 
107183 
107184 
107185 
107186 
107187 
107188 
107189 
107190 
107191 
107192 
107193 
107194 
107195 
107196 
107197 
107198 
107199 
107200 
107201 
107202 
107203 
107204 
107213 
107215 
107217 
107226 
107227 
107228 
107229 
107230 
107231 
107232 
107241 
107242 
107244 
91147 
91148 
91149 
91150 
91151 
91152 
91153 
91154 
91155 
91156 
91157 
91158 
91159 
91160 
91161 
91162 
91163 
91164 
91165 
91166 
91167 
91267 
91269 
91271 
91273 
91274 
91275 
91276 
91277 
91278 
91279 
9464 
9465 
9466 
9569 
9570 
107968 
107969 
107970 
107971 
107972 
107973 
107974 
107990 
107991 
107993 
107996 
107997 
107998 
107999 
108000 
108001 
108002 
108018 
108020 
108022 
108038 
108039 
75271 
108040 
108041 
75273 
108042 
108043 
75275 
108044 
75277 
108046 
75278 
108047 
75279 
75280 
108049 
75281 
75282 
75283 
75284 
75285 
75286 
75287 
75288 
75289 
75290 
75291 
75293 
75295 
75297 
91742 
91743 
91744 
91745 
91746 
91747 
91748 
91749 
91750 
91751 
91752 
91753 
91754 
91755 
91756 
91757 
91758 
91759 
91760 
91761 
91762 
91862 
91864 
91866 
91868 
91869 
91870 
91871 
91872 
91873 
91874 
75523 
75526 
75527 
75530 
75533 
75534 
92337 
92338 
92339 
92340 
92341 
92342 
92343 
92344 
92345 
92346 
92347 
92348 
92349 
92350 
92351 
92352 
92353 
92354 
92355 
92356 
92357 
92457 
92459 
92461 
92463 
92464 
92465 
92466 
92467 
92468 
92469 
92932 
92933 
92934 
92935 
92936 
92937 
92938 
92939 
92940 
92941 
92942 
92943 
92944 
92945 
92946 
92947 
92948 
92949 
92950 
92951 
92952 
93052 
93054 
93056 
93058 
93059 
93060 
93061 
93062 
93063 
93064 
93527 
93528 
93529 
93530 
93531 
93532 
93533 
93534 
93535 
93536 
93537 
93538 
93539 
93540 
93541 
93542 
93543 
93544 
93545 
93546 
93547 
93647 
93649 
93651 
93653 
93654 
93655 
93656 
93657 
93658 
93659 
77721 
77723 
77725 
77727 
77728 
77729 
77730 
77731 
77732 
77733 
77734 
77735 
77736 
77737 
77738 
77739 
77740 
77741 
77743 
77745 
77747 
94143 
94144 
94145 
94146 
94147 
94148 
94149 
94158 
94160 
94161 
94171 
94172 
94173 
94174 
94175 
94176 
94177 
94186 
94187 
94189 
94192 
94193 
94194 
94195 
94196 
94197 
94198 
94199 
94200 
94201 
94202 
94203 
94204 
94205 
94206 
94207 
94208 
94209 
94210 
94211 
94212 
94213 
94214 
94215 
94216 
94217 
94218 
94219 
94220 
94221 
94222 
94223 
94224 
94225 
94226 
94227 
94228 
94229 
94230 
94231 
94232 
94233 
94234 
94235 
94236 
94237 
94238 
94239 
94240 
94241 
94242 
94243 
94244 
94245 
94246 
94247 
94248 
94249 
94250 
94251 
94252 
94253 
94254 
94255 
94256 
94257 
94258 
94259 
94260 
94261 
94262 
94263 
94264 
94265 
94266 
94267 
94268 
94269 
94270 
94271 
94272 
94273 
94274 
94275 
94276 
94277 
94278 
94279 
94280 
94281 
94282 
94283 
94284 
94285 
94286 
94287 
94288 
94289 
94298 
94300 
94301 
94311 
94312 
94313 
94314 
94315 
94316 
94317 
94326 
94327 
94329 
77973 
77976 
77977 
77980 
77983 
77984 
12614 
12615 
12616 
12719 
12720 
111363 
111364 
111365 
111366 
111367 
111368 
111369 
111378 
111380 
111382 
111391 
111392 
111393 
111394 
111395 
111396 
111397 
111406 
111407 
111409 
111412 
111413 
111414 
111415 
111416 
111417 
111418 
111419 
111420 
111421 
111422 
111423 
111424 
111425 
111426 
111427 
111428 
111429 
111430 
111431 
111432 
111433 
111434 
111435 
111436 
111437 
95053 
111438 
95054 
111439 
95055 
111440 
95056 
111441 
95057 
111442 
95058 
111443 
95059 
111444 
111445 
111446 
111447 
111448 
111449 
111450 
111451 
111452 
111453 
111454 
111455 
111456 
111457 
111458 
111459 
95075 
111460 
95076 
111461 
111462 
95078 
111463 
111464 
111465 
95081 
111466 
95082 
111467 
95083 
111468 
95084 
111469 
95085 
111470 
95086 
111471 
95087 
111472 
111473 
111474 
111475 
111476 
111477 
111478 
111479 
111480 
111481 
111482 
111483 
111484 
111485 
111486 
111487 
95103 
111488 
111489 
95105 
111490 
95106 
111491 
111492 
111493 
111494 
111495 
111496 
111497 
111498 
111499 
111500 
111501 
111502 
111503 
111504 
111505 
111506 
111507 
95123 
111508 
95124 
111509 
95125 
95126 
95127 
95128 
95129 
95131 
95132 
111518 
95134 
111520 
111522 
111531 
111532 
111533 
111534 
111535 
111536 
111537 
111546 
111547 
111549 
63021 
63023 
63025 
63027 
63028 
63029 
63030 
63031 
63032 
63033 
63034 
63035 
63036 
63037 
63038 
63039 
63040 
63041 
63043 
63045 
63047 
112273 
112274 
112275 
112276 
112277 
112278 
112279 
112295 
112296 
112298 
112301 
112302 
112303 
112304 
112305 
112306 
112307 
112323 
112325 
112327 
112343 
112344 
112345 
112346 
112347 
112348 
112349 
112351 
112352 
112354 
63273 
63276 
63277 
63280 
63283 
63284 
15764 
15765 
15766 
15869 
15870 
65471 
65473 
65475 
65477 
65478 
65479 
65480 
65481 
65482 
65483 
65484 
65485 
65486 
65487 
65488 
65489 
65490 
65491 
65493 
65495 
65497 
)

// ************************************************************************* //
