/*--------------------------------*- C++ -*----------------------------------*\
| =========                 |                                                 |
| \\      /  F ield         | OpenFOAM: The Open Source CFD Toolbox           |
|  \\    /   O peration     | Version:  5.x                                   |
|   \\  /    A nd           | Web:      www.OpenFOAM.org                      |
|    \\/     M anipulation  |                                                 |
\*---------------------------------------------------------------------------*/
FoamFile
{
    version     2.0;
    format      ascii;
    class       cellSet;
    location    "constant/polyMesh/sets";
    object      refineCells;
}
// * * * * * * * * * * * * * * * * * * * * * * * * * * * * * * * * * * * * * //


4900
(
65536 
65537 
65538 
65539 
65540 
65541 
65542 
65543 
65544 
65545 
65546 
65547 
65548 
65549 
13 
65550 
14 
65551 
15 
65552 
16 
65553 
17 
65554 
18 
65555 
19 
65556 
20 
65557 
21 
65558 
22 
65559 
23 
65560 
24 
65561 
25 
65562 
26 
65563 
27 
65564 
28 
65565 
29 
65566 
65567 
65568 
65569 
65570 
65571 
65572 
65573 
65574 
65575 
65576 
65577 
65578 
65579 
65580 
65581 
65582 
65583 
65584 
65585 
65586 
65587 
65588 
65589 
118 
119 
120 
121 
122 
123 
124 
125 
126 
127 
128 
129 
130 
131 
132 
133 
134 
65709 
65711 
65713 
65715 
65716 
65717 
65718 
65719 
65720 
65721 
65722 
65723 
65724 
65725 
65726 
65727 
65728 
65729 
65730 
65731 
65732 
65733 
65734 
65735 
65736 
65737 
65738 
65739 
65740 
65741 
65742 
65743 
65744 
65745 
65746 
65747 
65748 
65749 
65750 
65751 
65752 
65753 
65754 
65755 
65756 
65757 
65758 
65759 
223 
65760 
224 
65761 
225 
65762 
226 
65763 
227 
65764 
228 
65765 
229 
65766 
230 
65767 
231 
65768 
232 
65769 
233 
65770 
234 
65771 
235 
65772 
236 
65773 
237 
65774 
238 
65775 
239 
65776 
65777 
65778 
65779 
65780 
65781 
65782 
65783 
65784 
65785 
65786 
65787 
65788 
65789 
65790 
65791 
65792 
65793 
65794 
65795 
65796 
65797 
65798 
65799 
65800 
65801 
65802 
65803 
65804 
65805 
65806 
65807 
65808 
65809 
65810 
65811 
65812 
65813 
65814 
65815 
65816 
65817 
65818 
65819 
65820 
65821 
65822 
65823 
65824 
65825 
65826 
65827 
65828 
65829 
65830 
65831 
65832 
65833 
65834 
328 
329 
330 
331 
332 
333 
334 
335 
336 
337 
338 
339 
340 
341 
342 
343 
344 
65954 
65956 
65958 
65960 
65961 
65962 
65963 
65964 
65965 
65966 
65967 
65968 
65969 
433 
65970 
434 
65971 
435 
65972 
436 
65973 
437 
65974 
438 
65975 
439 
65976 
440 
65977 
441 
65978 
442 
65979 
443 
65980 
444 
65981 
445 
65982 
446 
65983 
447 
65984 
448 
65985 
449 
65986 
65987 
65988 
65989 
65990 
65991 
65992 
65993 
65994 
65995 
65996 
65997 
65998 
65999 
66000 
66001 
66002 
66003 
66004 
66005 
66006 
66007 
66008 
66009 
66010 
66011 
66012 
66013 
66014 
66015 
66016 
66017 
66018 
66019 
66020 
66021 
66022 
66023 
66024 
66025 
66026 
66027 
66028 
66029 
66030 
66031 
66032 
66033 
66034 
66035 
66036 
66037 
66038 
66039 
66040 
66041 
66042 
66043 
66044 
66045 
66046 
66047 
66048 
66049 
66050 
66051 
66052 
66053 
66054 
66055 
66056 
66057 
66058 
66059 
66060 
66061 
66062 
66063 
66064 
66065 
66066 
66067 
66068 
66069 
66070 
66071 
66072 
66073 
66074 
66075 
66076 
66077 
66078 
66079 
66199 
66201 
66203 
66205 
66206 
66207 
66208 
66209 
66210 
66211 
66212 
66213 
66214 
66215 
66216 
66217 
66218 
66219 
66220 
66221 
66222 
66223 
66224 
66225 
66226 
66227 
66228 
66229 
66230 
66231 
66232 
66233 
66234 
66235 
66236 
66237 
66238 
66239 
66240 
66241 
66242 
66243 
66244 
66245 
66246 
66247 
66248 
66249 
66250 
66251 
66252 
66253 
66254 
66255 
66256 
66257 
66258 
66259 
66260 
66261 
66262 
66263 
66264 
66265 
66266 
66267 
66268 
66269 
66270 
66271 
66272 
66273 
66274 
66275 
66276 
66277 
66278 
66279 
66280 
66281 
66282 
66283 
66284 
66285 
66286 
66287 
66288 
66289 
66290 
66291 
66292 
66293 
66294 
66295 
66296 
66297 
66298 
66299 
66300 
66301 
66302 
66303 
66304 
66305 
66306 
66307 
66308 
66309 
66310 
66311 
66312 
66313 
66314 
66315 
66316 
66317 
66318 
66319 
66320 
66321 
66322 
66323 
66324 
66444 
66446 
66448 
66450 
66451 
66452 
66453 
66454 
66455 
66456 
66457 
66458 
66459 
66460 
66461 
66462 
66463 
66464 
66465 
66466 
66467 
66468 
66469 
66470 
66471 
66472 
66473 
66474 
66475 
66476 
66477 
66478 
66479 
66480 
66481 
66482 
66483 
66484 
66485 
66486 
66487 
66488 
66489 
66490 
66491 
66492 
66493 
66494 
66495 
66496 
66497 
66498 
66499 
66500 
66501 
66502 
66503 
66504 
66505 
66506 
66507 
66508 
66509 
66510 
66511 
66512 
66513 
66514 
66515 
66516 
66517 
66518 
66519 
66520 
66521 
66522 
66523 
66524 
66525 
66526 
66527 
66528 
66529 
66530 
66531 
66532 
66533 
66534 
66535 
66536 
66537 
66538 
66539 
66540 
66541 
66542 
66543 
66544 
66545 
66546 
66547 
66548 
66549 
66550 
66551 
66552 
66553 
66554 
66555 
66556 
66557 
66558 
66559 
66560 
66561 
66562 
66563 
66564 
66565 
66566 
66567 
66568 
66569 
67914 
67916 
67918 
67920 
67921 
67922 
67923 
67924 
67925 
67926 
67927 
67928 
67929 
67930 
67931 
67932 
67933 
67934 
67935 
67936 
67937 
67938 
67939 
67940 
67941 
67942 
67943 
67944 
67945 
67946 
67947 
67948 
67949 
67950 
67951 
67952 
67953 
67954 
67955 
67956 
67957 
67958 
67959 
67960 
67961 
67962 
67963 
67964 
67965 
67966 
67967 
67968 
67969 
67970 
67971 
67972 
67973 
67974 
67975 
67976 
67977 
67978 
67979 
67980 
67981 
67982 
67983 
67984 
67985 
67986 
67987 
67988 
67989 
67990 
67991 
67992 
67993 
67994 
67995 
67996 
67997 
67998 
67999 
68000 
68001 
68002 
68003 
68004 
68005 
68006 
68007 
68008 
68009 
68010 
68011 
68012 
68013 
68014 
68015 
68016 
68017 
68018 
68019 
68020 
68021 
68022 
68023 
68024 
68025 
68026 
68027 
68028 
68029 
68030 
68031 
68032 
68033 
68034 
68035 
68036 
68037 
68038 
68039 
18913 
18914 
18915 
18916 
18917 
18918 
18919 
18920 
18921 
18922 
18923 
18924 
18925 
18926 
18927 
18928 
18929 
68159 
68161 
68163 
68165 
68166 
68167 
68168 
68169 
68170 
19018 
68171 
19019 
68172 
19020 
68173 
19021 
68174 
19022 
68175 
19023 
68176 
19024 
68177 
19025 
68178 
19026 
68179 
19027 
68180 
19028 
68181 
19029 
68182 
19030 
68183 
19031 
68184 
19032 
68185 
19033 
68186 
19034 
68187 
68188 
68189 
68190 
68191 
68192 
68193 
68194 
68195 
68196 
68197 
68198 
68199 
68200 
68201 
68202 
68203 
68204 
68205 
68206 
68207 
68208 
68209 
68210 
68211 
68212 
68213 
68214 
68215 
68216 
68217 
68218 
68219 
68220 
68221 
68222 
68223 
68224 
68225 
68226 
68227 
68228 
68229 
68230 
68231 
68232 
68233 
68234 
68235 
68236 
68237 
68238 
68239 
68240 
68241 
68242 
68243 
68244 
68245 
68246 
68247 
68248 
68249 
68250 
68251 
68252 
68253 
68254 
68255 
68256 
68257 
68258 
68259 
68260 
68261 
68262 
68263 
68264 
68265 
68266 
68267 
68268 
68269 
68270 
68271 
68272 
68273 
68274 
68275 
19123 
68276 
19124 
68277 
19125 
68278 
19126 
68279 
19127 
68280 
19128 
68281 
19129 
68282 
19130 
68283 
19131 
68284 
19132 
19133 
19134 
19135 
19136 
19137 
19138 
19139 
19228 
19229 
19230 
19231 
19232 
19233 
19234 
19235 
19236 
19237 
19238 
19239 
19240 
19241 
19242 
19243 
19244 
68404 
68406 
68408 
68410 
68411 
68412 
68413 
68414 
68415 
68416 
68417 
68418 
68419 
68420 
68421 
68422 
68423 
68424 
68425 
68426 
68427 
68428 
68429 
68430 
68431 
68432 
68433 
68434 
68435 
68436 
68437 
68438 
68439 
68440 
68441 
68442 
68443 
68444 
68445 
68446 
68447 
68448 
68449 
68450 
68451 
68452 
68453 
68454 
68455 
68456 
68457 
68458 
68459 
68460 
68461 
68462 
68463 
68464 
68465 
68466 
68467 
68468 
68469 
68470 
68471 
68472 
68473 
68474 
68475 
68476 
68477 
68478 
68479 
68480 
68481 
68482 
68483 
68484 
68485 
19333 
68486 
19334 
68487 
19335 
68488 
19336 
68489 
19337 
68490 
19338 
68491 
19339 
68492 
19340 
68493 
19341 
68494 
19342 
68495 
19343 
68496 
19344 
68497 
19345 
68498 
19346 
68499 
19347 
68500 
19348 
68501 
19349 
68502 
68503 
68504 
68505 
68506 
68507 
68508 
68509 
68510 
68511 
68512 
68513 
68514 
68515 
68516 
68517 
68518 
68519 
68520 
68521 
68522 
68523 
68524 
68525 
68526 
68527 
68528 
68529 
68649 
68651 
68653 
68655 
68656 
68657 
68658 
68659 
68660 
68661 
68662 
68663 
68664 
68665 
68666 
68667 
68668 
68669 
68670 
68671 
68672 
68673 
68674 
68675 
68676 
68677 
68678 
68679 
68680 
68681 
68682 
68683 
68684 
68685 
68686 
68687 
68688 
68689 
68690 
68691 
68692 
68693 
68694 
68695 
68696 
68697 
68698 
68699 
3163 
68700 
3164 
68701 
3165 
68702 
3166 
68703 
3167 
68704 
3168 
68705 
3169 
68706 
3170 
68707 
3171 
68708 
3172 
68709 
3173 
68710 
3174 
68711 
3175 
68712 
3176 
68713 
3177 
68714 
3178 
68715 
3179 
68716 
68717 
68718 
68719 
68720 
68721 
68722 
68723 
68724 
68725 
68726 
68727 
68728 
68729 
68730 
68731 
68732 
68733 
68734 
68735 
68736 
68737 
68738 
68739 
68740 
68741 
68742 
68743 
68744 
68745 
68746 
68747 
68748 
68749 
68750 
68751 
68752 
68753 
68754 
68755 
68756 
68757 
68758 
68759 
68760 
68761 
68762 
68763 
68764 
68765 
68766 
68767 
68768 
68769 
68770 
68771 
68772 
68773 
68774 
3268 
3269 
3270 
3271 
3272 
3273 
3274 
3275 
3276 
3277 
3278 
3279 
3280 
3281 
3282 
3283 
3284 
68894 
68896 
68898 
68900 
68901 
68902 
68903 
68904 
68905 
68906 
68907 
68908 
68909 
3373 
68910 
3374 
68911 
3375 
68912 
3376 
68913 
3377 
68914 
3378 
68915 
3379 
68916 
3380 
68917 
3381 
68918 
3382 
68919 
3383 
68920 
3384 
68921 
3385 
68922 
3386 
68923 
3387 
68924 
3388 
68925 
3389 
68926 
68927 
68928 
68929 
68930 
68931 
68932 
68933 
68934 
68935 
68936 
68937 
68938 
68939 
68940 
68941 
68942 
68943 
68944 
68945 
68946 
68947 
68948 
68949 
68950 
68951 
68952 
68953 
68954 
68955 
68956 
68957 
68958 
68959 
68960 
68961 
68962 
68963 
68964 
68965 
68966 
68967 
68968 
68969 
68970 
68971 
68972 
68973 
68974 
68975 
68976 
68977 
68978 
68979 
68980 
68981 
68982 
68983 
68984 
68985 
68986 
68987 
68988 
68989 
68990 
68991 
68992 
68993 
68994 
68995 
68996 
68997 
68998 
68999 
69000 
69001 
69002 
69003 
69004 
69005 
69006 
69007 
69008 
69009 
69010 
69011 
69012 
69013 
69014 
3478 
69015 
3479 
69016 
3480 
69017 
3481 
69018 
3482 
69019 
3483 
3484 
3485 
3486 
3487 
3488 
3489 
3490 
3491 
3492 
3493 
3494 
3583 
3584 
3585 
3586 
3587 
3588 
3589 
3590 
3591 
3592 
3593 
3594 
3595 
3596 
3597 
3598 
3599 
70364 
70366 
70368 
70370 
70371 
70372 
70373 
70374 
70375 
70376 
70377 
70378 
70379 
70380 
70381 
70382 
70383 
70384 
70385 
70386 
70387 
70388 
70389 
70390 
70391 
70392 
70393 
70394 
70395 
70396 
70397 
70398 
70399 
70400 
70401 
70402 
70403 
70404 
70405 
70406 
70407 
70408 
70409 
70410 
70411 
70412 
70413 
70414 
70415 
70416 
70417 
70418 
70419 
70420 
70421 
70422 
70423 
70424 
70425 
70426 
70427 
70428 
70429 
70430 
70431 
70432 
70433 
70434 
70435 
70436 
70437 
70438 
70439 
70440 
70441 
70442 
70443 
70444 
70445 
70446 
70447 
70448 
70449 
70450 
70451 
70452 
70453 
70454 
70455 
70456 
70457 
70458 
70459 
70460 
70461 
70462 
70463 
70464 
70465 
70466 
70467 
70468 
70469 
70470 
70471 
70472 
70473 
70474 
70475 
70476 
70477 
70478 
70479 
70480 
70481 
70482 
70483 
70484 
70485 
70486 
70487 
70488 
70489 
70609 
70611 
70613 
70615 
70616 
70617 
70618 
70619 
70620 
70621 
70622 
70623 
70624 
70625 
70626 
70627 
70628 
70629 
70630 
70631 
70632 
70633 
70634 
70635 
70636 
70637 
70638 
70639 
70640 
70641 
70642 
70643 
70644 
70645 
70646 
70647 
70648 
70649 
70650 
70651 
70652 
70653 
70654 
70655 
70656 
70657 
70658 
70659 
70660 
70661 
70662 
70663 
70664 
70665 
70666 
70667 
70668 
70669 
70670 
70671 
70672 
70673 
70674 
70675 
70676 
70677 
70678 
70679 
70680 
70681 
70682 
70683 
70684 
70685 
70686 
70687 
70688 
70689 
70690 
70691 
70692 
70693 
70694 
70695 
70696 
70697 
70698 
70699 
70700 
70701 
70702 
70703 
70704 
70705 
70706 
70707 
70708 
70709 
70710 
70711 
70712 
70713 
70714 
70715 
70716 
70717 
70718 
70719 
70720 
70721 
70722 
70723 
70724 
70725 
70726 
70727 
70728 
70729 
70730 
70731 
70732 
70733 
70734 
70854 
70856 
70858 
70860 
70861 
70862 
70863 
70864 
70865 
70866 
70867 
70868 
70869 
70870 
70871 
70872 
70873 
70874 
70875 
70876 
70877 
70878 
70879 
70880 
70881 
70882 
70883 
70884 
70885 
70886 
70887 
70888 
70889 
70890 
70891 
70892 
70893 
70894 
70895 
70896 
70897 
70898 
70899 
70900 
70901 
70902 
70903 
70904 
70905 
70906 
70907 
70908 
70909 
70910 
70911 
70912 
70913 
70914 
70915 
70916 
70917 
70918 
70919 
70920 
70921 
70922 
70923 
70924 
70925 
70926 
70927 
70928 
70929 
70930 
70931 
70932 
70933 
70934 
70935 
70936 
70937 
70938 
70939 
70940 
70941 
70942 
70943 
70944 
70945 
70946 
70947 
70948 
70949 
70950 
70951 
70952 
70953 
70954 
70955 
70956 
70957 
70958 
70959 
70960 
70961 
70962 
70963 
70964 
70965 
70966 
70967 
70968 
70969 
70970 
70971 
70972 
70973 
70974 
70975 
70976 
70977 
70978 
70979 
71099 
71101 
71103 
71105 
71106 
71107 
71108 
71109 
71110 
71111 
71112 
71113 
71114 
71115 
71116 
71117 
71118 
71119 
71120 
71121 
71122 
71123 
71124 
71125 
71126 
71127 
71128 
71129 
71130 
71131 
71132 
71133 
71134 
71135 
71136 
71137 
71138 
71139 
71140 
71141 
71142 
71143 
71144 
71145 
71146 
71147 
71148 
71149 
71150 
71151 
71152 
71153 
71154 
71155 
71156 
71157 
71158 
71159 
71160 
71161 
71162 
71163 
71164 
71165 
71166 
71167 
71168 
71169 
71170 
71171 
71172 
71173 
71174 
71175 
71176 
71177 
71178 
71179 
71180 
71181 
71182 
71183 
71184 
71185 
71186 
71187 
71188 
71189 
71190 
71191 
71192 
71193 
71194 
71195 
71196 
71197 
71198 
71199 
71200 
71201 
71202 
71203 
71204 
71205 
71206 
71207 
71208 
71209 
71210 
71211 
71212 
71213 
71214 
71215 
71216 
71217 
71218 
71219 
71220 
71221 
71222 
71223 
71224 
71344 
71346 
71348 
71350 
71351 
71352 
71353 
71354 
71355 
71356 
71357 
71358 
71359 
71360 
71361 
71362 
71363 
71364 
71365 
71366 
71367 
71368 
71369 
71370 
71371 
71372 
71373 
71374 
71375 
71376 
71377 
71378 
71379 
71380 
71381 
71382 
71383 
71384 
71385 
71386 
71387 
71388 
71389 
71390 
71391 
71392 
71393 
71394 
71395 
71396 
71397 
71398 
71399 
71400 
71401 
71402 
71403 
71404 
71405 
71406 
71407 
71408 
71409 
71410 
71411 
71412 
71413 
71414 
71415 
71416 
71417 
71418 
71419 
71420 
71421 
71422 
71423 
71424 
71425 
71426 
71427 
71428 
71429 
71430 
71431 
71432 
71433 
71434 
71435 
71436 
71437 
71438 
71439 
71440 
71441 
71442 
71443 
71444 
71445 
71446 
71447 
71448 
71449 
71450 
71451 
71452 
71453 
71454 
71455 
71456 
71457 
71458 
71459 
71460 
71461 
71462 
71463 
71464 
71465 
71466 
71467 
71468 
71469 
6313 
6314 
6315 
6316 
6317 
6318 
6319 
6320 
6321 
6322 
6323 
6324 
6325 
6326 
6327 
6328 
6329 
6418 
6419 
6420 
6421 
6422 
6423 
6424 
6425 
6426 
6427 
6428 
6429 
6430 
6431 
6432 
6433 
6434 
6523 
6524 
6525 
6526 
6527 
6528 
6529 
6530 
6531 
6532 
6533 
6534 
6535 
6536 
6537 
6538 
6539 
6628 
6629 
6630 
6631 
6632 
6633 
6634 
6635 
6636 
6637 
6638 
6639 
6640 
6641 
6642 
6643 
6644 
6733 
6734 
6735 
6736 
6737 
6738 
6739 
6740 
6741 
6742 
6743 
6744 
6745 
6746 
6747 
6748 
6749 
72814 
72816 
72818 
72820 
72821 
72822 
72823 
72824 
72825 
72826 
72827 
72828 
72829 
72830 
72831 
72832 
72833 
72834 
72835 
72836 
72837 
72838 
72839 
72840 
72841 
72842 
72843 
72844 
72845 
72846 
72847 
72848 
72849 
72850 
72851 
72852 
72853 
72854 
72855 
72856 
72857 
72858 
72859 
72860 
72861 
72862 
72863 
72864 
72865 
72866 
72867 
72868 
72869 
72870 
72871 
72872 
72873 
72874 
72875 
72876 
72877 
72878 
72879 
72880 
72881 
72882 
72883 
72884 
72885 
72886 
72887 
72888 
72889 
72890 
72891 
72892 
72893 
72894 
72895 
72896 
72897 
72898 
72899 
72900 
72901 
72902 
72903 
72904 
72905 
72906 
72907 
72908 
72909 
72910 
72911 
72912 
72913 
72914 
72915 
72916 
72917 
72918 
72919 
72920 
72921 
72922 
72923 
72924 
72925 
72926 
72927 
72928 
72929 
72930 
72931 
72932 
72933 
72934 
72935 
72936 
72937 
72938 
72939 
73059 
73061 
73063 
73065 
73066 
73067 
73068 
73069 
73070 
73071 
73072 
73073 
73074 
73075 
73076 
73077 
73078 
73079 
73080 
73081 
73082 
73083 
73084 
73085 
73086 
73087 
73088 
73089 
73090 
73091 
73092 
73093 
73094 
73095 
73096 
73097 
73098 
73099 
73100 
73101 
73102 
73103 
73104 
73105 
73106 
73107 
73108 
73109 
73110 
73111 
73112 
73113 
73114 
73115 
73116 
73117 
73118 
73119 
73120 
73121 
73122 
73123 
73124 
73125 
73126 
73127 
73128 
73129 
73130 
73131 
73132 
73133 
73134 
73135 
73136 
73137 
73138 
73139 
73140 
73141 
73142 
73143 
73144 
73145 
73146 
73147 
73148 
73149 
73150 
73151 
73152 
73153 
73154 
73155 
73156 
73157 
73158 
73159 
73160 
73161 
73162 
73163 
73164 
73165 
73166 
73167 
73168 
73169 
73170 
73171 
73172 
73173 
73174 
73175 
73176 
73177 
73178 
73179 
73180 
73181 
73182 
73183 
73184 
73304 
73306 
73308 
73310 
73311 
73312 
73313 
73314 
73315 
73316 
73317 
73318 
73319 
73320 
73321 
73322 
73323 
73324 
73325 
73326 
73327 
73328 
73329 
73330 
73331 
73332 
73333 
73334 
73335 
73336 
73337 
73338 
73339 
73340 
73341 
73342 
73343 
73344 
73345 
73346 
73347 
73348 
73349 
73350 
73351 
73352 
73353 
73354 
73355 
73356 
73357 
73358 
73359 
73360 
73361 
73362 
73363 
73364 
73365 
73366 
73367 
73368 
73369 
73370 
73371 
73372 
73373 
73374 
73375 
73376 
73377 
73378 
73379 
73380 
73381 
73382 
73383 
73384 
73385 
73386 
73387 
73388 
73389 
73390 
73391 
73392 
73393 
73394 
73395 
73396 
73397 
73398 
73399 
73400 
73401 
73402 
73403 
73404 
73405 
73406 
73407 
73408 
73409 
73410 
73411 
73412 
73413 
73414 
73415 
73416 
73417 
73418 
73419 
73420 
73421 
73422 
73423 
73424 
73425 
73426 
73427 
73428 
73429 
73549 
73551 
73553 
73555 
73556 
73557 
73558 
73559 
73560 
73561 
73562 
73563 
73564 
73565 
73566 
73567 
73568 
73569 
73570 
73571 
73572 
73573 
73574 
73575 
73576 
73577 
73578 
73579 
73580 
73581 
73582 
73583 
73584 
73585 
73586 
73587 
73588 
73589 
73590 
73591 
73592 
73593 
73594 
73595 
73596 
73597 
73598 
73599 
73600 
73601 
73602 
73603 
73604 
73605 
73606 
73607 
73608 
73609 
73610 
73611 
73612 
73613 
73614 
73615 
73616 
73617 
73618 
73619 
73620 
73621 
73622 
73623 
73624 
73625 
73626 
73627 
73628 
73629 
73630 
73631 
73632 
73633 
73634 
73635 
73636 
73637 
73638 
73639 
73640 
73641 
73642 
73643 
73644 
73645 
73646 
73647 
73648 
73649 
73650 
73651 
73652 
73653 
73654 
73655 
73656 
73657 
73658 
73659 
73660 
73661 
73662 
73663 
73664 
73665 
73666 
73667 
73668 
73669 
73670 
73671 
73672 
73673 
73674 
73794 
73796 
73798 
73800 
73801 
73802 
73803 
73804 
73805 
73806 
73807 
73808 
73809 
73810 
73811 
73812 
73813 
73814 
73815 
73816 
73817 
73818 
73819 
73820 
73821 
73822 
73823 
73824 
73825 
73826 
73827 
73828 
73829 
73830 
73831 
73832 
73833 
73834 
73835 
73836 
73837 
73838 
73839 
73840 
73841 
73842 
73843 
73844 
73845 
73846 
73847 
73848 
73849 
73850 
73851 
73852 
73853 
73854 
73855 
73856 
73857 
73858 
73859 
73860 
73861 
73862 
73863 
73864 
73865 
73866 
73867 
73868 
73869 
73870 
73871 
73872 
73873 
73874 
73875 
73876 
73877 
73878 
73879 
73880 
73881 
73882 
73883 
73884 
73885 
73886 
73887 
73888 
73889 
73890 
73891 
73892 
73893 
73894 
73895 
73896 
73897 
73898 
73899 
73900 
73901 
73902 
73903 
73904 
73905 
73906 
73907 
73908 
73909 
73910 
73911 
73912 
73913 
73914 
73915 
73916 
73917 
73918 
73919 
9463 
9464 
9465 
9466 
9467 
9468 
9469 
9470 
9471 
9472 
9473 
9474 
9475 
9476 
9477 
9478 
9479 
9568 
9569 
9570 
9571 
9572 
9573 
9574 
9575 
9576 
9577 
9578 
9579 
9580 
9581 
9582 
9583 
9584 
9673 
9674 
9675 
9676 
9677 
9678 
9679 
9680 
9681 
9682 
9683 
9684 
9685 
9686 
9687 
9688 
9689 
75264 
75266 
75268 
75270 
75271 
75272 
75273 
75274 
75275 
75276 
75277 
75278 
75279 
75280 
75281 
75282 
75283 
75284 
75285 
75286 
75287 
75288 
75289 
75290 
75291 
75292 
75293 
75294 
75295 
75296 
75297 
75298 
75299 
75300 
75301 
75302 
75303 
75304 
75305 
75306 
75307 
75308 
75309 
75310 
75311 
75312 
75313 
75314 
9778 
75315 
9779 
75316 
9780 
75317 
9781 
75318 
9782 
75319 
9783 
75320 
9784 
75321 
9785 
75322 
9786 
75323 
9787 
75324 
9788 
75325 
9789 
75326 
9790 
75327 
9791 
75328 
9792 
75329 
9793 
75330 
9794 
75331 
75332 
75333 
75334 
75335 
75336 
75337 
75338 
75339 
75340 
75341 
75342 
75343 
75344 
75345 
75346 
75347 
75348 
75349 
75350 
75351 
75352 
75353 
75354 
75355 
75356 
75357 
75358 
75359 
75360 
75361 
75362 
75363 
75364 
75365 
75366 
75367 
75368 
75369 
75370 
75371 
75372 
75373 
75374 
75375 
75376 
75377 
75378 
75379 
75380 
75381 
75382 
75383 
75384 
75385 
75386 
75387 
75388 
75389 
9883 
9884 
9885 
9886 
9887 
9888 
9889 
9890 
9891 
9892 
9893 
9894 
9895 
9896 
9897 
9898 
9899 
75509 
75511 
75513 
75515 
75516 
75517 
75518 
75519 
75520 
75521 
75522 
75523 
75524 
75525 
75526 
75527 
75528 
75529 
75530 
75531 
75532 
75533 
75534 
75535 
75536 
75537 
75538 
75539 
75540 
75541 
75542 
75543 
75544 
75545 
75546 
75547 
75548 
75549 
75550 
75551 
75552 
75553 
75554 
75555 
75556 
75557 
75558 
75559 
75560 
75561 
75562 
75563 
75564 
75565 
75566 
75567 
75568 
75569 
75570 
75571 
75572 
75573 
75574 
75575 
75576 
75577 
75578 
75579 
75580 
75581 
75582 
75583 
75584 
75585 
75586 
75587 
75588 
75589 
75590 
75591 
75592 
75593 
75594 
75595 
75596 
75597 
75598 
75599 
75600 
75601 
75602 
75603 
75604 
75605 
75606 
75607 
75608 
75609 
75610 
75611 
75612 
75613 
75614 
75615 
75616 
75617 
75618 
75619 
75620 
75621 
75622 
75623 
75624 
75625 
75626 
75627 
75628 
75629 
75630 
75631 
75632 
75633 
75634 
75754 
75756 
75758 
75760 
75761 
75762 
75763 
75764 
75765 
75766 
75767 
75768 
75769 
75770 
75771 
75772 
75773 
75774 
75775 
75776 
75777 
75778 
75779 
75780 
75781 
75782 
75783 
75784 
75785 
75786 
75787 
75788 
75789 
75790 
75791 
75792 
75793 
75794 
75795 
75796 
75797 
75798 
75799 
75800 
75801 
75802 
75803 
75804 
75805 
75806 
75807 
75808 
75809 
75810 
75811 
75812 
75813 
75814 
75815 
75816 
75817 
75818 
75819 
75820 
75821 
75822 
75823 
75824 
75825 
75826 
75827 
75828 
75829 
75830 
75831 
75832 
75833 
75834 
75835 
75836 
75837 
75838 
75839 
75840 
75841 
75842 
75843 
75844 
75845 
75846 
75847 
75848 
75849 
75850 
75851 
75852 
75853 
75854 
75855 
75856 
75857 
75858 
75859 
75860 
75861 
75862 
75863 
75864 
75865 
75866 
75867 
75868 
75869 
75870 
75871 
75872 
75873 
75874 
75875 
75876 
75877 
75878 
75879 
75999 
76001 
76003 
76005 
76006 
76007 
76008 
76009 
76010 
76011 
76012 
76013 
76014 
76015 
76016 
76017 
76018 
76019 
76020 
76021 
76022 
76023 
76024 
76025 
76026 
76027 
76028 
76029 
76030 
76031 
76032 
76033 
76034 
76035 
76036 
76037 
76038 
76039 
76040 
76041 
76042 
76043 
76044 
76045 
76046 
76047 
76048 
76049 
76050 
76051 
76052 
76053 
76054 
76055 
76056 
76057 
76058 
76059 
76060 
76061 
76062 
76063 
76064 
76065 
76066 
76067 
76068 
76069 
76070 
76071 
76072 
76073 
76074 
76075 
76076 
76077 
76078 
76079 
76080 
76081 
76082 
76083 
76084 
76085 
76086 
76087 
76088 
76089 
76090 
76091 
76092 
76093 
76094 
76095 
76096 
76097 
76098 
76099 
76100 
76101 
76102 
76103 
76104 
76105 
76106 
76107 
76108 
76109 
76110 
76111 
76112 
76113 
76114 
76115 
76116 
76117 
76118 
76119 
76120 
76121 
76122 
76123 
76124 
76244 
76246 
76248 
76250 
76251 
76252 
76253 
76254 
76255 
76256 
76257 
76258 
76259 
76260 
76261 
76262 
76263 
76264 
76265 
76266 
76267 
76268 
76269 
76270 
76271 
76272 
76273 
76274 
76275 
76276 
76277 
76278 
76279 
76280 
76281 
76282 
76283 
76284 
76285 
76286 
76287 
76288 
76289 
76290 
76291 
76292 
76293 
76294 
76295 
76296 
76297 
76298 
76299 
76300 
76301 
76302 
76303 
76304 
76305 
76306 
76307 
76308 
76309 
76310 
76311 
76312 
76313 
76314 
76315 
76316 
76317 
76318 
76319 
76320 
76321 
76322 
76323 
76324 
76325 
76326 
76327 
76328 
76329 
76330 
76331 
76332 
76333 
76334 
76335 
76336 
76337 
76338 
76339 
76340 
76341 
76342 
76343 
76344 
76345 
76346 
76347 
76348 
76349 
76350 
76351 
76352 
76353 
76354 
76355 
76356 
76357 
76358 
76359 
76360 
76361 
76362 
76363 
76364 
76365 
76366 
76367 
76368 
76369 
77714 
77716 
77718 
77720 
77721 
77722 
77723 
77724 
77725 
77726 
77727 
77728 
77729 
77730 
77731 
77732 
77733 
77734 
77735 
77736 
77737 
77738 
77739 
77740 
77741 
77742 
77743 
77744 
77745 
77746 
77747 
77748 
77749 
77750 
77751 
77752 
77753 
77754 
77755 
77756 
77757 
77758 
77759 
77760 
77761 
77762 
77763 
77764 
77765 
77766 
77767 
77768 
77769 
77770 
77771 
77772 
77773 
77774 
77775 
77776 
77777 
77778 
77779 
77780 
77781 
77782 
77783 
77784 
77785 
77786 
77787 
77788 
77789 
77790 
77791 
77792 
77793 
77794 
77795 
77796 
77797 
77798 
77799 
77800 
77801 
77802 
77803 
77804 
77805 
77806 
77807 
77808 
77809 
77810 
77811 
77812 
77813 
77814 
77815 
77816 
77817 
77818 
77819 
77820 
77821 
77822 
77823 
77824 
77825 
77826 
77827 
77828 
77829 
77830 
77831 
77832 
77833 
77834 
77835 
77836 
77837 
77838 
77839 
77959 
77961 
77963 
77965 
77966 
77967 
77968 
77969 
77970 
77971 
77972 
77973 
77974 
77975 
77976 
77977 
77978 
77979 
77980 
77981 
77982 
77983 
77984 
77985 
77986 
77987 
77988 
77989 
77990 
77991 
77992 
77993 
77994 
77995 
77996 
77997 
77998 
77999 
78000 
78001 
78002 
78003 
78004 
78005 
78006 
78007 
78008 
78009 
78010 
78011 
78012 
78013 
78014 
78015 
78016 
78017 
78018 
78019 
78020 
78021 
78022 
78023 
78024 
78025 
78026 
78027 
78028 
78029 
78030 
78031 
78032 
78033 
78034 
78035 
78036 
78037 
78038 
78039 
78040 
78041 
78042 
78043 
78044 
78045 
78046 
78047 
78048 
78049 
78050 
78051 
78052 
78053 
78054 
78055 
78056 
78057 
78058 
78059 
78060 
78061 
78062 
78063 
78064 
78065 
78066 
78067 
78068 
78069 
78070 
78071 
78072 
78073 
78074 
78075 
78076 
78077 
78078 
78079 
78080 
78081 
78082 
78083 
78084 
12613 
12614 
12615 
12616 
12617 
12618 
12619 
12620 
12621 
12622 
12623 
12624 
12625 
12626 
12627 
12628 
12629 
78204 
78206 
78208 
78210 
78211 
78212 
78213 
78214 
78215 
78216 
78217 
78218 
78219 
78220 
78221 
78222 
78223 
78224 
78225 
78226 
78227 
78228 
78229 
78230 
78231 
78232 
78233 
78234 
78235 
78236 
78237 
78238 
78239 
78240 
78241 
78242 
78243 
78244 
78245 
78246 
78247 
78248 
78249 
78250 
78251 
78252 
78253 
78254 
12718 
78255 
12719 
78256 
12720 
78257 
12721 
78258 
12722 
78259 
12723 
78260 
12724 
78261 
12725 
78262 
12726 
78263 
12727 
78264 
12728 
78265 
12729 
78266 
12730 
78267 
12731 
78268 
12732 
78269 
12733 
78270 
12734 
78271 
78272 
78273 
78274 
78275 
78276 
78277 
78278 
78279 
78280 
78281 
78282 
78283 
78284 
78285 
78286 
78287 
78288 
78289 
78290 
78291 
78292 
78293 
78294 
78295 
78296 
78297 
78298 
78299 
78300 
78301 
78302 
78303 
78304 
78305 
78306 
78307 
78308 
78309 
78310 
78311 
78312 
78313 
78314 
78315 
78316 
78317 
78318 
78319 
78320 
78321 
78322 
78323 
78324 
78325 
78326 
78327 
78328 
78329 
12823 
12824 
12825 
12826 
12827 
12828 
12829 
12830 
12831 
12832 
12833 
12834 
12835 
12836 
12837 
12838 
12839 
78449 
78451 
78453 
78455 
78456 
78457 
78458 
78459 
78460 
78461 
78462 
78463 
78464 
12928 
78465 
12929 
78466 
12930 
78467 
12931 
78468 
12932 
78469 
12933 
78470 
12934 
78471 
12935 
78472 
12936 
78473 
12937 
78474 
12938 
78475 
12939 
78476 
12940 
78477 
12941 
78478 
12942 
78479 
12943 
78480 
12944 
78481 
78482 
78483 
78484 
78485 
78486 
78487 
78488 
78489 
78490 
78491 
78492 
78493 
78494 
78495 
78496 
78497 
78498 
78499 
78500 
78501 
78502 
78503 
78504 
78505 
78506 
78507 
78508 
78509 
78510 
78511 
78512 
78513 
78514 
78515 
78516 
78517 
78518 
78519 
78520 
78521 
78522 
78523 
78524 
78525 
78526 
78527 
78528 
78529 
78530 
78531 
78532 
78533 
78534 
78535 
78536 
78537 
78538 
78539 
78540 
78541 
78542 
78543 
78544 
78545 
78546 
78547 
78548 
78549 
78550 
78551 
78552 
78553 
78554 
78555 
78556 
78557 
78558 
78559 
78560 
78561 
78562 
78563 
78564 
78565 
78566 
78567 
78568 
78569 
13033 
78570 
13034 
78571 
13035 
78572 
13036 
78573 
13037 
78574 
13038 
13039 
13040 
13041 
13042 
13043 
13044 
13045 
13046 
13047 
13048 
13049 
78694 
78696 
78698 
78700 
78701 
78702 
78703 
78704 
78705 
78706 
78707 
78708 
78709 
78710 
78711 
78712 
78713 
78714 
78715 
78716 
78717 
78718 
78719 
78720 
78721 
78722 
78723 
78724 
78725 
78726 
78727 
78728 
78729 
78730 
78731 
78732 
78733 
78734 
78735 
78736 
78737 
78738 
78739 
78740 
78741 
78742 
78743 
78744 
78745 
78746 
78747 
78748 
78749 
78750 
78751 
78752 
78753 
78754 
78755 
78756 
78757 
78758 
78759 
78760 
78761 
78762 
78763 
78764 
78765 
78766 
78767 
78768 
78769 
78770 
78771 
78772 
78773 
78774 
78775 
78776 
78777 
78778 
78779 
78780 
78781 
78782 
78783 
78784 
78785 
78786 
78787 
78788 
78789 
78790 
78791 
78792 
78793 
78794 
78795 
78796 
78797 
78798 
78799 
78800 
78801 
78802 
78803 
78804 
78805 
78806 
78807 
78808 
78809 
78810 
78811 
78812 
78813 
78814 
78815 
78816 
78817 
78818 
78819 
63014 
63016 
63018 
63020 
63021 
63022 
63023 
63024 
63025 
63026 
63027 
63028 
63029 
63030 
63031 
63032 
63033 
63034 
63035 
63036 
63037 
63038 
63039 
63040 
63041 
63042 
63043 
63044 
63045 
63046 
63047 
63048 
63049 
63050 
63051 
63052 
63053 
63054 
63055 
63056 
63057 
63058 
63059 
63060 
63061 
63062 
63063 
63064 
63065 
63066 
63067 
63068 
63069 
63070 
63071 
63072 
63073 
63074 
63075 
63076 
63077 
63078 
63079 
63080 
63081 
63082 
63083 
63084 
63085 
63086 
63087 
63088 
63089 
63090 
63091 
63092 
63093 
63094 
63095 
63096 
63097 
63098 
63099 
63100 
63101 
63102 
63103 
63104 
63105 
63106 
63107 
63108 
63109 
63110 
63111 
63112 
63113 
63114 
63115 
63116 
63117 
63118 
63119 
63120 
63121 
63122 
63123 
63124 
63125 
63126 
63127 
63128 
63129 
63130 
63131 
63132 
63133 
63134 
63135 
63136 
63137 
63138 
63139 
63259 
63261 
63263 
63265 
63266 
63267 
63268 
63269 
63270 
63271 
63272 
63273 
63274 
63275 
63276 
63277 
63278 
63279 
63280 
63281 
63282 
63283 
63284 
63285 
63286 
63287 
63288 
63289 
63290 
63291 
63292 
63293 
63294 
63295 
63296 
63297 
63298 
63299 
63300 
63301 
63302 
63303 
63304 
63305 
63306 
63307 
63308 
63309 
63310 
63311 
63312 
63313 
63314 
63315 
63316 
63317 
63318 
63319 
63320 
63321 
63322 
63323 
63324 
63325 
63326 
63327 
63328 
63329 
63330 
63331 
63332 
63333 
63334 
63335 
63336 
63337 
63338 
63339 
63340 
63341 
63342 
63343 
63344 
63345 
63346 
63347 
63348 
63349 
63350 
63351 
63352 
63353 
63354 
63355 
63356 
63357 
63358 
63359 
63360 
63361 
63362 
63363 
63364 
63365 
63366 
63367 
63368 
63369 
63370 
63371 
63372 
63373 
63374 
63375 
63376 
63377 
63378 
63379 
63380 
63381 
63382 
63383 
63384 
63504 
63506 
63508 
63510 
63511 
63512 
63513 
63514 
63515 
63516 
63517 
63518 
63519 
63520 
63521 
63522 
63523 
63524 
63525 
63526 
63527 
63528 
63529 
63530 
63531 
63532 
63533 
63534 
63535 
63536 
63537 
63538 
63539 
63540 
63541 
63542 
63543 
63544 
63545 
63546 
63547 
63548 
63549 
63550 
63551 
63552 
63553 
63554 
63555 
63556 
63557 
63558 
63559 
63560 
63561 
63562 
63563 
63564 
63565 
63566 
63567 
63568 
63569 
63570 
63571 
63572 
63573 
63574 
63575 
63576 
63577 
63578 
63579 
63580 
63581 
63582 
63583 
63584 
63585 
63586 
63587 
63588 
63589 
63590 
63591 
63592 
63593 
63594 
63595 
63596 
63597 
63598 
63599 
63600 
63601 
63602 
63603 
63604 
63605 
63606 
63607 
63608 
63609 
63610 
63611 
63612 
63613 
63614 
63615 
63616 
63617 
63618 
63619 
63620 
63621 
63622 
63623 
63624 
63625 
63626 
63627 
63628 
63629 
63749 
63751 
63753 
63755 
63756 
63757 
63758 
63759 
63760 
63761 
63762 
63763 
63764 
63765 
63766 
63767 
63768 
63769 
63770 
63771 
63772 
63773 
63774 
63775 
63776 
63777 
63778 
63779 
63780 
63781 
63782 
63783 
63784 
63785 
63786 
63787 
63788 
63789 
63790 
63791 
63792 
63793 
63794 
63795 
63796 
63797 
63798 
63799 
63800 
63801 
63802 
63803 
63804 
63805 
63806 
63807 
63808 
63809 
63810 
63811 
63812 
63813 
63814 
63815 
63816 
63817 
63818 
63819 
63820 
63821 
63822 
63823 
63824 
63825 
63826 
63827 
63828 
63829 
63830 
63831 
63832 
63833 
63834 
63835 
63836 
63837 
63838 
63839 
63840 
63841 
63842 
63843 
63844 
63845 
63846 
63847 
63848 
63849 
63850 
63851 
63852 
63853 
63854 
63855 
63856 
63857 
63858 
63859 
63860 
63861 
63862 
63863 
63864 
63865 
63866 
63867 
63868 
63869 
63870 
63871 
63872 
63873 
63874 
63994 
63996 
63998 
64000 
64001 
64002 
64003 
64004 
64005 
64006 
64007 
64008 
64009 
64010 
64011 
64012 
64013 
64014 
64015 
64016 
64017 
64018 
64019 
64020 
64021 
64022 
64023 
64024 
64025 
64026 
64027 
64028 
64029 
64030 
64031 
64032 
64033 
64034 
64035 
64036 
64037 
64038 
64039 
64040 
64041 
64042 
64043 
64044 
64045 
64046 
64047 
64048 
64049 
64050 
64051 
64052 
64053 
64054 
64055 
64056 
64057 
64058 
64059 
64060 
64061 
64062 
64063 
64064 
64065 
64066 
64067 
64068 
64069 
64070 
64071 
64072 
64073 
64074 
64075 
64076 
64077 
64078 
64079 
64080 
64081 
64082 
64083 
64084 
64085 
64086 
64087 
64088 
64089 
64090 
64091 
64092 
64093 
64094 
64095 
64096 
64097 
64098 
64099 
64100 
64101 
64102 
64103 
64104 
64105 
64106 
64107 
64108 
64109 
64110 
64111 
64112 
64113 
64114 
64115 
64116 
64117 
64118 
64119 
15763 
15764 
15765 
15766 
15767 
15768 
15769 
15770 
15771 
15772 
15773 
15774 
15775 
15776 
15777 
15778 
15779 
15868 
15869 
15870 
15871 
15872 
15873 
15874 
15875 
15876 
15877 
15878 
15879 
15880 
15881 
15882 
15883 
15884 
15973 
15974 
15975 
15976 
15977 
15978 
15979 
15980 
15981 
15982 
15983 
15984 
15985 
15986 
15987 
15988 
15989 
16078 
16079 
16080 
16081 
16082 
16083 
16084 
16085 
16086 
16087 
16088 
16089 
16090 
16091 
16092 
16093 
16094 
16183 
16184 
16185 
16186 
16187 
16188 
16189 
16190 
16191 
16192 
16193 
16194 
16195 
16196 
16197 
16198 
16199 
65464 
65466 
65468 
65470 
65471 
65472 
65473 
65474 
65475 
65476 
65477 
65478 
65479 
65480 
65481 
65482 
65483 
65484 
65485 
65486 
65487 
65488 
65489 
65490 
65491 
65492 
65493 
65494 
65495 
65496 
65497 
65498 
65499 
65500 
65501 
65502 
65503 
65504 
65505 
65506 
65507 
65508 
65509 
65510 
65511 
65512 
65513 
65514 
65515 
65516 
65517 
65518 
65519 
65520 
65521 
65522 
65523 
65524 
65525 
65526 
65527 
65528 
65529 
65530 
65531 
65532 
65533 
65534 
65535 
)

// ************************************************************************* //
