# Probe 0 (44.65 35.42 1)
# Probe 1 (44.65 35.42 3)
# Probe 2 (44.65 35.42 8)
# Probe 3 (52.13 22.51 1)
# Probe 4 (52.13 22.51 3)
# Probe 5 (52.13 22.51 8)
# Probe 6 (57 8.01 1)
# Probe 7 (57 8.01 3)
# Probe 8 (57 8.01 8)
# Probe 9 (56.58 6.95 1)
# Probe 10 (56.58 6.95 3)
# Probe 11 (56.58 6.95 8)
# Probe 12 (53.37 21.56 1)
# Probe 13 (53.37 21.56 3)
# Probe 14 (53.37 21.56 8)
# Probe 15 (45.14 34.46 1)
# Probe 16 (45.14 34.46 3)
# Probe 17 (45.14 34.46 8)
# Probe 18 (34.75 45.17 1)
# Probe 19 (34.75 45.17 3)
# Probe 20 (34.75 45.17 8)
# Probe 21 (121.4 69.72 1)
# Probe 22 (121.4 69.72 3)
# Probe 23 (121.4 69.72 8)
# Probe 24 (133.12 42.09 1)
# Probe 25 (133.12 42.09 3)
# Probe 26 (133.12 42.09 8)
# Probe 27 (139.63 13.08 1)
# Probe 28 (139.63 13.08 3)
# Probe 29 (139.63 13.08 8)
# Probe 30 (138.96 17.06 1)
# Probe 31 (138.96 17.06 3)
# Probe 32 (138.96 17.06 8)
# Probe 33 (132.32 46.47 1)
# Probe 34 (132.32 46.47 3)
# Probe 35 (132.32 46.47 8)
# Probe 36 (118.98 73.05 1)
# Probe 37 (118.98 73.05 3)
# Probe 38 (118.98 73.05 8)
# Probe 39 (100.93 97.02 1)
# Probe 40 (100.93 97.02 3)
# Probe 41 (100.93 97.02 8)
# Probe 42 (378.52 128.83 1)
# Probe 43 (378.52 128.83 3)
# Probe 44 (378.52 128.83 8)
# Probe 45 (393.53 70.57 1)
# Probe 46 (393.53 70.57 3)
# Probe 47 (393.53 70.57 8)
# Probe 48 (399.84 11.15 1)
# Probe 49 (399.84 11.15 3)
# Probe 50 (399.84 11.15 8)
# Probe 51 (397.02 48.75 1)
# Probe 52 (397.02 48.75 3)
# Probe 53 (397.02 48.75 8)
# Probe 54 (385.26 107.55 1)
# Probe 55 (385.26 107.55 3)
# Probe 56 (385.26 107.55 8)
# Probe 57 (364.77 163.67 1)
# Probe 58 (364.77 163.67 3)
# Probe 59 (364.77 163.67 8)
# Probe 60 (336.11 216.58 1)
# Probe 61 (336.11 216.58 3)
# Probe 62 (336.11 216.58 8)
# Probe 63 (797.53 62.27 1)
# Probe 64 (797.53 62.27 3)
# Probe 65 (797.53 62.27 8)
# Probe 66 (799.8 17.7 1)
# Probe 67 (799.8 17.7 3)
# Probe 68 (799.8 17.7 8)
# Probe 69 (794.04 97.5 1)
# Probe 70 (794.04 97.5 3)
# Probe 71 (794.04 97.5 8)
# Probe 72 (780.33 176.31 1)
# Probe 73 (780.33 176.31 3)
# Probe 74 (780.33 176.31 8)
# Probe 75 (758.78 253.36 1)
# Probe 76 (758.78 253.36 3)
# Probe 77 (758.78 253.36 8)
#       Probe             0             1             2             3             4             5             6             7             8             9            10            11            12            13            14            15            16            17            18            19            20            21            22            23            24            25            26            27            28            29            30            31            32            33            34            35            36            37            38            39            40            41            42            43            44            45            46            47            48            49            50            51            52            53            54            55            56            57            58            59            60            61            62            63            64            65            66            67            68            69            70            71            72            73            74            75            76            77
#        Time
            1   6.99429e-08   6.24118e-08   2.52216e-08   7.09037e-07   5.79765e-07   2.18581e-07   9.67907e-05    8.1464e-05   2.27812e-05   9.67907e-05    8.1464e-05   2.27812e-05   7.09037e-07   5.79765e-07   2.18581e-07   6.99429e-08   6.24118e-08   2.52216e-08    6.1106e-09   5.25493e-09   1.56301e-09   1.03939e-14   1.01843e-14    5.9727e-15   1.18907e-12   1.16291e-12   7.47701e-13   1.57867e-09   1.49028e-09   6.91567e-10   1.57867e-09   1.49028e-09   6.91567e-10   1.18907e-12   1.16291e-12   7.47701e-13   1.43805e-15   1.34726e-15   6.55348e-16   3.22928e-17   1.49068e-17   3.70443e-19             0   1.03802e-24   3.37644e-25   2.32572e-24   4.48448e-24   5.09466e-25   1.34761e-22   1.63365e-22   2.60171e-22   3.15702e-24   8.34457e-24   4.21325e-24             0   9.90659e-25   3.48239e-25             0   4.07337e-25   6.09112e-26   2.39142e-25   2.06596e-25   1.33447e-28             0   5.95661e-33   1.99923e-34             0   2.56347e-33   2.97644e-34             0   5.07666e-33    2.3449e-34   1.82193e-33   3.59865e-33             0             0   1.28252e-33   8.19142e-36
            2   1.42119e-07   1.20985e-07   7.04101e-08   2.51498e-06   1.49718e-06   7.22323e-07   0.000674375   0.000475015   9.67809e-05   0.000674375   0.000475015   9.67809e-05   2.51498e-06   1.49718e-06   7.22323e-07   1.42119e-07   1.20985e-07   7.04101e-08   7.59037e-09   6.54089e-09   3.38644e-09   2.33463e-14   2.50771e-14   2.47143e-14   3.19099e-12     3.107e-12   2.96131e-12   6.39374e-09    5.2243e-09   2.78318e-09   6.39374e-09    5.2243e-09   2.78318e-09   3.19099e-12     3.107e-12   2.96131e-12   2.05012e-15   1.95541e-15   2.46591e-15   3.06658e-17   1.38066e-17   5.12369e-18   1.22378e-26   1.55981e-24   6.14808e-25   4.04836e-24   6.98095e-24   1.08374e-24    9.5414e-22   1.26224e-21    2.2938e-21   1.10574e-23   2.05862e-23   2.66284e-23   9.99317e-27   1.51154e-24    6.5288e-25   7.54941e-27     5.835e-25   1.38905e-25   2.91635e-25   2.32893e-25   9.99641e-27   1.10544e-34    7.4188e-33   8.85317e-34   4.98184e-35   3.69684e-33   7.67091e-34   2.48333e-34   7.82379e-33   8.22793e-34   2.12586e-33    4.2663e-33    2.2489e-34   5.47212e-35   1.46448e-33   1.11007e-34
            3    1.7742e-05   4.00775e-07   1.40496e-07   6.75921e-05   5.20981e-06   1.64838e-06    0.00233357     0.0016295   0.000227225    0.00233357     0.0016295   0.000227225   6.75921e-05   5.20981e-06   1.64838e-06    1.7742e-05   4.00775e-07   1.40496e-07   5.18062e-07   9.36977e-09    5.6127e-09   4.48157e-14   4.69405e-14    7.0502e-14   1.08017e-11   8.95974e-12   1.08978e-11   3.78519e-08   2.24936e-08   1.12352e-08   3.78519e-08   2.24936e-08   1.12352e-08   1.08017e-11   8.95974e-12   1.08978e-11    3.3606e-15   3.14099e-15   7.76552e-15   2.87594e-17   1.34746e-17   1.87909e-17   6.11791e-26   2.29825e-24   1.04606e-24   7.15524e-24   1.09548e-23   2.40362e-24   7.33646e-21    9.4342e-21   1.47363e-20   4.54274e-23   7.47398e-23   1.50696e-22   5.16126e-26   2.28106e-24   1.13167e-24   3.46376e-26   8.37479e-25   2.50386e-25   3.94151e-25    2.9054e-25   2.04444e-26   3.96965e-34   9.84516e-33   1.71565e-33   2.24696e-34   5.63528e-33   1.44513e-33   8.62085e-34   1.08715e-32   1.52101e-33   2.51341e-33   5.09556e-33   4.62002e-34   1.52807e-34   1.58687e-33   1.89421e-34
            4   0.000142516   2.40596e-06   2.11741e-07   0.000425559    1.4269e-05   2.85302e-06    0.00560724     0.0039638   0.000421639    0.00560724     0.0039638   0.000421639   0.000425559    1.4269e-05   2.85302e-06   0.000142516   2.40596e-06   2.11741e-07   1.92978e-05   1.28425e-07   7.99441e-09   8.01502e-14   7.70225e-14   1.98723e-13   9.15394e-11   2.81191e-11   3.37665e-11   2.06633e-07   9.75038e-08   4.03005e-08   2.06633e-07   9.75038e-08   4.03005e-08   9.15394e-11   2.81191e-11   3.37665e-11   5.41265e-15   5.97538e-15   2.19953e-14   2.65039e-17   1.46021e-17   5.43615e-17   1.96503e-25   3.40131e-24   1.67525e-24   1.28627e-23   1.75021e-23    5.2411e-24   5.61611e-20   6.40618e-20    7.8199e-20   2.01796e-22   3.39697e-22   7.55972e-22   1.68874e-25   3.43169e-24   1.96426e-24   9.99876e-26   1.19739e-24   3.71877e-25   5.26817e-25   3.64827e-25   3.29632e-26   9.74714e-34   1.30185e-32   2.84292e-33   6.21817e-34    8.2708e-33   2.45341e-33   1.85887e-33   1.40197e-32   2.41778e-33   3.09638e-33   5.92602e-33   7.60748e-34    2.9942e-34   1.79388e-33   2.79092e-34
            5   0.000475728    1.0946e-05   4.18348e-07    0.00128316   0.000289408   6.26464e-06    0.00938091    0.00817797   0.000773622    0.00938091    0.00817797   0.000773622    0.00128316   0.000289408   6.26464e-06   0.000475728    1.0946e-05   4.18348e-07   7.90852e-05    6.0212e-07   1.51582e-08   2.13785e-13   1.82891e-13   5.34622e-13   7.93422e-10   1.47059e-10   1.07648e-10   9.01082e-07   3.94628e-07   1.30439e-07   9.01082e-07   3.94628e-07   1.30439e-07   7.93422e-10   1.47059e-10   1.07648e-10   8.64064e-15   1.11604e-14   5.64762e-14   2.40237e-17   1.80989e-17   1.39815e-16   5.03334e-25   5.06415e-24   2.62058e-24   2.34801e-23   2.90922e-23   1.28355e-23   3.38257e-19   3.83247e-19   3.83729e-19   8.73409e-22   1.61312e-21   3.46744e-21   4.47744e-25   5.20102e-24   3.26935e-24   2.20486e-25   1.66349e-24   5.20745e-25   6.82342e-25   4.51035e-25   4.85972e-26   1.93096e-33   1.72537e-32   4.33913e-33   1.36241e-33   1.19374e-32   3.84618e-33   3.30574e-33   1.71418e-32   3.55622e-33   4.00022e-33   6.91556e-33   1.18151e-33   4.92314e-34    2.1786e-33   4.15529e-34
            6   0.000933617   8.84166e-05   7.69757e-07    0.00276152    0.00108171   8.71829e-06     0.0138409     0.0127288    0.00125359     0.0138409     0.0127288    0.00125359    0.00276152    0.00108171   8.71829e-06   0.000933617   8.84166e-05   7.69757e-07   0.000159187   2.28755e-06   2.85827e-08   8.06495e-13   4.88349e-13   1.52853e-12   4.95071e-09   6.77099e-10   2.66786e-10   3.21176e-06   1.43066e-06   3.79403e-07   3.21176e-06   1.43066e-06   3.79403e-07   4.95071e-09   6.77099e-10   2.66786e-10   1.67629e-14   2.25594e-14   1.39908e-13   2.17432e-17   2.58406e-17   3.25171e-16   1.12016e-24    7.5616e-24   3.99577e-24   4.33628e-23   5.17888e-23   4.01529e-23   1.76207e-18   2.06704e-18     1.859e-18   3.52859e-21   7.28446e-21   1.61427e-20   1.05044e-24   7.97492e-24   5.25542e-24   3.98573e-25   2.15708e-24   7.15985e-25    8.6225e-25   5.51031e-25   6.84378e-26   3.32875e-33   2.17416e-32     6.097e-33   2.57463e-33   1.56616e-32   5.59655e-33   5.36249e-33   2.01071e-32   4.93469e-33   5.37525e-33   8.64418e-33   1.70299e-33   6.99661e-34   2.63469e-33   5.85171e-34
            7      0.001453   0.000126351   1.36962e-06    0.00469472    0.00247976   1.20944e-05     0.0186342     0.0175292    0.00301008     0.0186342     0.0175292    0.00301008    0.00469472    0.00247976   1.20944e-05      0.001453   0.000126351   1.36962e-06   0.000227801   3.67722e-06   5.15735e-08   3.30634e-12   1.63759e-12   3.86022e-12   1.91162e-08   3.13306e-09   7.17887e-10   9.69315e-06   4.56824e-06   1.00168e-06   9.69315e-06   4.56824e-06   1.00168e-06   1.91162e-08   3.13306e-09   7.17887e-10   3.63247e-14   5.14344e-14   3.12682e-13   2.03449e-17   4.06799e-17   6.57284e-16   2.32633e-24   1.14652e-23    6.0045e-24   8.15855e-23   1.03811e-22   1.40659e-22   8.93323e-18   1.02393e-17   8.06661e-18   1.47794e-20   3.19578e-20   6.69553e-20   2.32534e-24   1.25993e-23   8.40988e-24   6.45378e-25   2.64261e-24   9.77209e-25   1.07341e-24    6.7023e-25   9.38813e-26   5.35992e-33   2.57038e-32   8.14319e-33   4.48985e-33   1.96452e-32   7.65393e-33   8.30899e-33   2.35526e-32   6.50459e-33   7.36267e-33    1.0968e-32   2.19471e-33    1.0069e-33   3.17412e-33   7.91557e-34
            8    0.00199481   0.000149376   2.26564e-06    0.00694168    0.00447736   1.74781e-05     0.0238308      0.022686    0.00587739     0.0238308      0.022686    0.00587739    0.00694168    0.00447736   1.74781e-05    0.00199481   0.000149376   2.26564e-06   0.000280503   5.22245e-06   8.69708e-08   1.19671e-11   5.70174e-12   9.16828e-12   4.92938e-08   1.19624e-08   1.90573e-09   2.55324e-05   1.28876e-05   2.43201e-06   2.55324e-05   1.28876e-05   2.43201e-06   4.92938e-08   1.19624e-08   1.90573e-09   9.21224e-14   1.22633e-13   6.56206e-13   2.00386e-17   6.77326e-17   1.24341e-15   4.50971e-24   1.73837e-23   8.93476e-24   1.59702e-22    2.4105e-22   5.11625e-22   3.80743e-17   4.68998e-17   3.67698e-17   6.27731e-20   1.33472e-19   2.68681e-19   4.98258e-24   2.04624e-23   1.37366e-23   9.23036e-25   3.07462e-24   1.33107e-24   1.32361e-24   8.14029e-25   1.26639e-25   8.38015e-33   3.00943e-32   1.04881e-32   7.53354e-33   2.46315e-32   1.03234e-32   1.24894e-32   2.79543e-32   8.42657e-33   9.83353e-33   1.30259e-32   2.83123e-33   1.52037e-33    3.8174e-33   1.04639e-33
            9    0.00252078   0.000190095   3.55229e-06    0.00930189    0.00684953   2.63144e-05     0.0293312     0.0279877     0.0095982     0.0293312     0.0279877     0.0095982    0.00930189    0.00684953   2.63144e-05    0.00252078   0.000190095   3.55229e-06    0.00030927   6.49024e-06    1.3686e-07   3.76228e-11   1.87476e-11   2.12896e-11   1.60069e-07   3.77802e-08    4.7544e-09   6.01187e-05   3.25145e-05   5.48322e-06   6.01187e-05   3.25145e-05   5.48322e-06   1.60069e-07   3.77802e-08    4.7544e-09   2.12271e-13   2.93513e-13   1.23339e-12   2.12378e-17   1.15572e-16   2.22993e-15   8.17002e-24   2.64185e-23   1.32739e-23   3.31178e-22   6.45097e-22    1.8438e-21   1.95515e-16   2.08129e-16   1.16282e-16   2.84606e-19   5.36095e-19   1.04577e-18   1.02884e-23   3.37002e-23   2.35379e-23    1.3646e-24   4.04554e-24   1.81377e-24   1.62588e-24   9.92104e-25   1.68624e-25   1.29478e-32   3.39628e-32   1.28352e-32   1.20714e-32   2.96171e-32   1.32275e-32   1.80476e-32   3.19731e-32   1.04264e-32   1.26311e-32   1.47676e-32   3.98667e-33   2.18286e-33   4.58675e-33   1.36581e-33
           10    0.00295752   0.000268525   5.40063e-06      0.011484    0.00950933   4.07355e-05     0.0351043     0.0334688      0.013788     0.0351043     0.0334688      0.013788      0.011484    0.00950933   4.07355e-05    0.00295752   0.000268525   5.40063e-06   0.000302651   8.27233e-06   2.04126e-07   1.04012e-10   5.62957e-11   4.87879e-11   4.31098e-07   8.47251e-08   1.15315e-08   0.000128914   7.44114e-05   1.15535e-05   0.000128914   7.44114e-05   1.15535e-05   4.31098e-07   8.47251e-08   1.15315e-08   4.23353e-13   6.73798e-13   2.39392e-12    2.4443e-17   1.98391e-16   3.82318e-15   1.42166e-23   3.69746e-23   1.98625e-23   7.46751e-22   1.96961e-21   6.44485e-21   8.26043e-16   8.74459e-16    4.5666e-16   1.14526e-18   2.17616e-18   3.99901e-18   2.16815e-23   5.95646e-23   4.38217e-23   2.20755e-24   5.41584e-24   2.47628e-24   1.98622e-24   1.21129e-24    2.2248e-25   1.92765e-32   4.05376e-32   1.68491e-32   1.83496e-32   3.84098e-32   1.86828e-32   2.48669e-32   3.87956e-32   1.37946e-32    1.5532e-32   1.85139e-32   5.64903e-33   2.99082e-33   5.51684e-33    1.7699e-33
           11    0.00321491   0.000389745   8.05684e-06      0.013027     0.0118002   6.55269e-05     0.0411059     0.0390703     0.0179994     0.0411059     0.0390703     0.0179994      0.013027     0.0118002   6.55269e-05    0.00321491   0.000389745   8.05684e-06   0.000254072   9.78728e-06   2.95187e-07    2.6126e-10   1.52897e-10   1.06268e-10   1.03127e-06    2.1942e-07   2.66663e-08   0.000255398   0.000156528   2.28573e-05   0.000255398   0.000156528   2.28573e-05   1.03127e-06    2.1942e-07   2.66663e-08   9.02484e-13   1.70394e-12   4.75788e-12    3.1009e-17   3.50385e-16    6.3565e-15   2.19207e-23   4.68678e-23   3.01476e-23   1.79872e-21   6.18097e-21   2.16229e-20   3.08304e-15   3.11313e-15   1.63867e-15   5.72353e-18   7.80323e-18   1.44971e-17   4.24025e-23    9.8626e-23   9.08435e-23   3.41036e-24   7.18461e-24   3.37907e-24   2.43758e-24   1.48555e-24   2.89736e-25   2.72549e-32   5.14637e-32   2.49413e-32   2.74193e-32   5.70001e-32   2.96842e-32   3.32966e-32   5.20742e-32   2.04243e-32   1.90237e-32   2.38765e-32   7.91659e-33   3.98149e-33   6.64727e-33   2.28365e-33
           12    0.00336195   0.000541516   1.18432e-05     0.0139904     0.0130836   0.000109526     0.0472061     0.0446794     0.0221339     0.0472061     0.0446794     0.0221339     0.0139904     0.0130836   0.000109526    0.00336195   0.000541516   1.18432e-05   0.000188403   1.12766e-05   4.07476e-07   5.47364e-10   3.18721e-10   2.02318e-10   2.25318e-06   5.02486e-07   5.95665e-08   0.000472778     0.0003061   4.26328e-05   0.000472778     0.0003061   4.26328e-05   2.25318e-06   5.02486e-07   5.95665e-08   2.06185e-12   3.85377e-12    8.8948e-12   4.40279e-17   6.26472e-16   1.04092e-14   3.05526e-23   6.80563e-23   4.66096e-23   4.74091e-21   1.87332e-20   6.95989e-20   1.06172e-14   1.02804e-14   5.50041e-15   1.76366e-17   2.53796e-17   4.59316e-17   7.26396e-23    1.3976e-22   2.09134e-22   4.99308e-24   9.45949e-24   4.61542e-24   2.91993e-24   1.76925e-24   3.71276e-25   3.77926e-32   7.24021e-32   3.68012e-32   3.86416e-32   8.50392e-32    4.6533e-32   4.19506e-32   7.10762e-32   2.98706e-32    2.2944e-32   3.09702e-32   1.10045e-32   5.20497e-33   8.02817e-33   2.93878e-33
           13    0.00346334   0.000690551   1.69504e-05       0.01469     0.0137524   0.000187235     0.0532113     0.0501036     0.0261034     0.0532113     0.0501036     0.0261034       0.01469     0.0137524   0.000187235    0.00346334   0.000690551   1.69504e-05    0.00012799    1.2599e-05   5.35347e-07   9.01914e-10   5.76102e-10   3.54193e-10   4.57039e-06   1.05863e-06   1.19023e-07   0.000825044   0.000561674   7.52527e-05   0.000825044   0.000561674   7.52527e-05   4.57039e-06   1.05863e-06   1.19023e-07   4.34496e-12   8.54855e-12     1.633e-11   6.79367e-17   1.13157e-15    1.6776e-14   4.67364e-23   1.02574e-22   7.36306e-23   1.25069e-20   5.32963e-20   2.15137e-19   3.13154e-14   2.46046e-14   1.73278e-14   6.34006e-17   8.41284e-17   1.15166e-16   1.19845e-22    2.4354e-22   5.19472e-22   7.06066e-24   1.24076e-23   6.30514e-24   3.39822e-24   2.06302e-24   4.69397e-25   5.02055e-32   1.01329e-31    5.3384e-32   5.96524e-32   1.26727e-31    7.3598e-32    5.6589e-32   9.63275e-32   4.26738e-32   3.10823e-32   4.02296e-32   1.52571e-32   6.72811e-33   9.72581e-33   3.77638e-33
           14    0.00347205   0.000842499   2.32779e-05     0.0153825     0.0142056   0.000321471     0.0588944     0.0550842     0.0297396     0.0588944     0.0550842     0.0297396     0.0153825     0.0142056   0.000321471    0.00347205   0.000842499   2.32779e-05   8.75354e-05    1.2363e-05   6.22891e-07   1.65806e-09   1.25518e-09   6.70132e-10   8.70884e-06    2.0822e-06   2.17471e-07      0.001367   0.000974292   0.000126136      0.001367   0.000974292   0.000126136   8.70884e-06    2.0822e-06   2.17471e-07   8.69492e-12   1.78742e-11   2.94986e-11   1.12956e-16   2.03202e-15   2.64467e-14   8.26249e-23   1.57421e-22   1.19355e-22    3.2661e-20   1.44056e-19   6.41009e-19   8.54296e-14   7.23187e-14   5.15677e-14   1.86601e-16   2.15671e-16   3.62924e-16   1.83076e-22   4.63587e-22   1.34053e-21   9.78311e-24   1.62831e-23   8.61805e-24   3.83471e-24   2.33416e-24   5.89342e-25   7.60427e-32   1.40087e-31   7.68023e-32    1.0835e-31   1.97049e-31   1.25184e-31   8.39809e-32   1.29538e-31   6.02307e-32   4.25177e-32   5.24684e-32   2.11918e-32   8.64106e-33   1.18292e-32   4.85039e-33
           15    0.00334141   0.000959153   3.13671e-05     0.0161614     0.0146092   0.000522549     0.0640574     0.0593686     0.0331234     0.0640574     0.0593686     0.0331234     0.0161614     0.0146092   0.000522549    0.00334141   0.000959153   3.13671e-05   6.08755e-05   1.16024e-05   6.77105e-07   3.48697e-09   2.54049e-09     1.231e-09    1.5734e-05     3.862e-06   3.98236e-07    0.00216289      0.001607   0.000201351    0.00216289      0.001607   0.000201351    1.5734e-05     3.862e-06   3.98236e-07   1.68394e-11   3.51572e-11   4.91441e-11   1.93692e-16   3.55092e-15   4.06726e-14   1.40501e-22   2.43368e-22   1.99994e-22   8.00561e-20   4.15528e-19   1.90184e-18   2.05292e-13   1.97789e-13   1.46448e-13   5.57781e-16   7.06921e-16   1.07963e-15   3.21879e-22   9.52682e-22   3.49219e-21   1.34044e-23   2.14055e-23   1.17718e-23   4.28637e-24   2.62891e-24   7.38757e-25   1.14476e-31    1.9317e-31   1.10425e-31   2.15125e-31   3.48318e-31   2.54618e-31   1.22318e-31   1.73967e-31    8.4719e-32   5.79372e-32   6.89795e-32   2.95741e-32   1.10653e-32   1.44578e-32   6.23193e-33
           16    0.00306184   0.000998813   3.76597e-05     0.0169702     0.0149038   0.000773356     0.0684873     0.0627992     0.0359091     0.0684873     0.0627992     0.0359091     0.0169702     0.0149038   0.000773356    0.00306184   0.000998813   3.76597e-05   4.30704e-05   1.07731e-05   5.96922e-07    6.9355e-09   4.79757e-09   2.17919e-09   2.71685e-05   6.81244e-06   7.03024e-07    0.00328343    0.00253109   0.000306834    0.00328343    0.00253109   0.000306834   2.71685e-05   6.81244e-06   7.03024e-07   3.26153e-11   6.53885e-11   7.95138e-11   3.40082e-16   6.02311e-15   6.10504e-14    2.3083e-22   3.76431e-22   3.49649e-22   1.80437e-19   1.20214e-18   5.15048e-18   4.95741e-13   5.51603e-13   3.99979e-13   1.59754e-15   2.25028e-15   3.09142e-15   6.61603e-22   2.07765e-21    9.0369e-21   1.82275e-23   2.82089e-23   1.60303e-23   4.68812e-24   2.90731e-24   9.28259e-25     1.691e-31   2.67477e-31   1.59409e-31   5.11507e-31   7.80534e-31   6.74155e-31   1.74481e-31   2.34602e-31    1.1932e-31   7.89805e-32   9.16724e-32   4.15273e-32    1.4163e-32   1.77701e-32   8.01466e-33
           17    0.00266912   0.000939542    4.0196e-05     0.0176578     0.0149468    0.00106059     0.0721239     0.0653513     0.0378199     0.0721239     0.0653513     0.0378199     0.0176578     0.0149468    0.00106059    0.00266912   0.000939542    4.0196e-05    3.1124e-05   9.91352e-06   6.54103e-07   1.32439e-08   8.59866e-09    3.6631e-09   4.51257e-05   1.15144e-05   1.19345e-06    0.00480118    0.00381917   0.000447373    0.00480118    0.00381917   0.000447373   4.51257e-05   1.15144e-05   1.19345e-06    6.4559e-11   1.16191e-10   1.25458e-10   6.12845e-16   9.86451e-15   8.93148e-14   3.71296e-22   5.84502e-22   6.42666e-22    5.1086e-19   3.37186e-18   1.35034e-17   1.06354e-12   1.48437e-12   1.05784e-12   3.93953e-15   6.93196e-15   8.54871e-15   1.31778e-21   4.74048e-21    2.3031e-20   2.46192e-23   3.71527e-23   2.17139e-23   5.37409e-24   3.39731e-24    1.1718e-24   2.47241e-31   3.73144e-31    2.3211e-31   1.50275e-30   2.27751e-30   2.23454e-30   2.46244e-31   3.18475e-31   1.68582e-31   1.08229e-31   1.23319e-31   5.86906e-32   1.81475e-32   2.19732e-32   1.03213e-32
           18    0.00216667   0.000788278   3.88751e-05     0.0181641     0.0147433    0.00139354     0.0750243     0.0671283     0.0387683     0.0750243     0.0671283     0.0387683     0.0181641     0.0147433    0.00139354    0.00216667   0.000788278   3.88751e-05    2.3215e-05   8.27231e-06   4.72935e-07   2.44481e-08   1.46807e-08   5.81945e-09   7.25519e-05   1.87681e-05   1.95585e-06    0.00678388     0.0055341   0.000625568    0.00678388     0.0055341   0.000625568   7.25519e-05   1.87681e-05   1.95585e-06    1.2807e-10   1.95241e-10   1.92835e-10   1.08049e-15   1.55756e-14   1.27326e-13   5.83828e-22   9.10208e-22   1.24354e-21   1.60731e-18   8.22269e-18   3.62594e-17   2.95255e-12   3.89041e-12   2.71922e-12   1.26377e-14   2.02823e-14   2.27983e-14   2.63568e-21   1.10841e-20   5.75747e-20   3.30851e-23   4.89995e-23   2.92089e-23    6.7078e-24   4.29763e-24   1.48285e-24   3.60155e-31   5.25673e-31   3.44014e-31   5.09113e-30   7.87176e-30   8.27068e-30   3.46294e-31   4.35326e-31   2.39001e-31   1.49524e-31   1.67925e-31   8.34438e-32   2.32959e-32   2.73345e-32    1.3312e-32
           19    0.00166833   0.000602172   3.52705e-05     0.0184793      0.014339    0.00174644     0.0773522     0.0683217     0.0389526     0.0773522     0.0683217     0.0389526     0.0184793      0.014339    0.00174644    0.00166833   0.000602172   3.52705e-05    1.7797e-05   6.67608e-06   5.27548e-07   4.36482e-08   2.41149e-08   8.92422e-09   0.000113411   2.97411e-05   3.10878e-06    0.00928558    0.00771385     0.0008407    0.00928558    0.00771385     0.0008407   0.000113411   2.97411e-05   3.10878e-06   2.48163e-10   3.10331e-10   2.87111e-10   1.91764e-15   2.34734e-14   1.76723e-13   9.09724e-22    1.4407e-21   2.51561e-21   4.39671e-18   2.09329e-17   7.46758e-17   7.58418e-12   9.81061e-12   6.81162e-12    3.7269e-14   5.67332e-14   5.85575e-14   5.43647e-21   2.62517e-20   1.40457e-19    4.4012e-23   6.43169e-23   3.89832e-23   8.42485e-24   5.44462e-24   1.85662e-24   5.25137e-31   7.51324e-31   5.30091e-31   1.82577e-29   2.89681e-29   3.14401e-29    4.8665e-31   5.98704e-31    3.3992e-31   2.08451e-31   2.31248e-31   1.19219e-31   2.99633e-32   3.41962e-32   1.71945e-32
           20    0.00124361   0.000458757   3.12378e-05      0.018637     0.0137723    0.00200504     0.0792779     0.0691623     0.0385591     0.0792779     0.0691623     0.0385591      0.018637     0.0137723    0.00200504    0.00124361   0.000458757   3.12378e-05   1.41088e-05   5.13958e-06   5.23649e-07   7.54573e-08   3.81663e-08   1.32766e-08   0.000173334    4.6026e-05   4.80557e-06     0.0123311     0.0103533    0.00108947     0.0123311     0.0103533    0.00108947   0.000173334    4.6026e-05   4.80557e-06   4.64358e-10   4.74118e-10   4.15513e-10   3.32175e-15   3.40551e-14   2.38809e-13   1.38473e-21   2.33002e-21   5.24896e-21   1.23592e-17   5.02465e-17   1.73011e-16   1.88407e-11   2.46299e-11   1.66275e-11   1.00901e-13   1.49917e-13   1.44949e-13   1.15056e-20   6.21404e-20   3.35216e-19   5.65402e-23   8.15046e-23   5.16207e-23   1.04342e-23   6.80138e-24   2.31447e-24   7.71133e-31    1.1029e-30   8.86082e-31    6.5919e-29   1.07073e-28   1.18142e-28    6.8401e-31   8.27612e-31   4.84981e-31   2.93049e-31   3.21487e-31   1.70932e-31   3.86007e-32   4.29941e-32   2.22383e-32
           21   0.000992716   0.000354932   2.68015e-05     0.0186757      0.013127    0.00204113     0.0811286     0.0698782     0.0378582     0.0811286     0.0698782     0.0378582     0.0186757      0.013127    0.00204113   0.000992716   0.000354932   2.68015e-05    1.1898e-05   3.80219e-06   4.39031e-07   1.25514e-07   5.72954e-08   1.89282e-08   0.000259447   6.98963e-05   7.24522e-06     0.0158864     0.0133951    0.00136751     0.0158864     0.0133951    0.00136751   0.000259447   6.98963e-05   7.24522e-06   8.21643e-10   7.04952e-10   5.95618e-10   5.49291e-15   4.75745e-14   3.13206e-13   2.12599e-21   3.91569e-21   1.11384e-20   2.96356e-17   1.33309e-16   4.15432e-16   4.49124e-11   5.87639e-11   3.95044e-11   2.76477e-13   3.83064e-13   3.46976e-13   2.52076e-20    1.4679e-19   7.74657e-19   6.97809e-23   1.01358e-22   6.77863e-23   1.27244e-23   8.34712e-24   2.85577e-24   1.15459e-30   1.70995e-30   1.70777e-30   2.34311e-28   3.88247e-28     4.327e-28   9.61682e-31   1.14903e-30   6.94686e-31   4.14762e-31   4.50219e-31   2.45568e-31   4.97781e-32   5.42813e-32   2.87918e-32
           22   0.000820658   0.000279036    2.2573e-05     0.0186692     0.0124579    0.00179513     0.0831088     0.0706619     0.0369541     0.0831088     0.0706619     0.0369541     0.0186692     0.0124579    0.00179513   0.000820658   0.000279036    2.2573e-05   9.47085e-06   2.34229e-06   3.67394e-07   2.04059e-07   8.27956e-08   2.66373e-08   0.000382374   0.000105214   1.07173e-05      0.019838     0.0167261    0.00167297      0.019838     0.0167261    0.00167297   0.000382374   0.000105214   1.07173e-05   1.36333e-09   1.03041e-09   8.32371e-10   8.90066e-15   6.38591e-14    3.9823e-13   3.11799e-21   6.67216e-21   2.37852e-20   7.01679e-17   3.15301e-16   9.71152e-16   1.02006e-10   1.33976e-10   9.13879e-11   6.77462e-13   9.42098e-13   8.05129e-13   5.56861e-20   3.48638e-19   1.74846e-18   8.47578e-23   1.23719e-22   8.83202e-23    1.5307e-23   1.00694e-23   3.49034e-24   1.80816e-30   2.94236e-30   3.95529e-30   8.12403e-28    1.3696e-27   1.53796e-27   1.35249e-30   1.60187e-30   1.00162e-30    5.8972e-31    6.3365e-31   3.52988e-31   6.42144e-32   6.87612e-32   3.73059e-32
           23   0.000703255   0.000228159   1.89762e-05     0.0187258     0.0118065    0.00139977     0.0853838     0.0716487     0.0358452     0.0853838     0.0716487     0.0358452     0.0187258     0.0118065    0.00139977   0.000703255   0.000228159   1.89762e-05   7.39689e-06   1.33468e-06   2.20102e-07   3.14999e-07   1.16076e-07   3.69224e-08   0.000554641   0.000156917   1.55816e-05     0.0240375     0.0201683     0.0020107     0.0240375     0.0201683     0.0020107   0.000554641   0.000156917   1.55816e-05   2.07154e-09   1.48011e-09   1.12957e-09   1.26991e-14    8.1948e-14   4.87904e-13   4.48938e-21   1.15842e-20   5.06358e-20   1.61211e-16    7.5112e-16   2.20875e-15   2.28801e-10   2.94991e-10    2.0662e-10   1.70712e-12   2.26647e-12   1.81875e-12   1.24236e-19   7.98001e-19   3.96337e-18   9.82528e-23   1.50706e-22   1.14284e-22   1.82083e-23   1.19822e-23   4.23607e-24   3.09432e-30   5.94059e-30   1.07686e-29   2.73773e-27   4.68887e-27   5.30103e-27   1.90323e-30   2.24388e-30   1.46294e-30   8.40443e-31   8.94284e-31   5.07011e-31   8.28166e-32   8.73301e-32    4.8365e-32
           24   0.000667438   0.000190345   1.54844e-05     0.0189964     0.0111899    0.00115015     0.0880683     0.0729079     0.0345675     0.0880683     0.0729079     0.0345675     0.0189964     0.0111899    0.00115015   0.000667438   0.000190345   1.54844e-05    5.7587e-06   9.63509e-07   2.24997e-07    4.5761e-07   1.59976e-07   5.04113e-08   0.000793981   0.000234423   2.23162e-05     0.0282923     0.0235405    0.00239279     0.0282923     0.0235405    0.00239279   0.000793981   0.000234423   2.23162e-05   3.02672e-09   2.08468e-09    1.4875e-09   1.77777e-14   9.93615e-14   5.70871e-13   6.35428e-21   2.07431e-20   1.07228e-19   3.95496e-16   1.76578e-15   4.90232e-15   4.46209e-10   6.31696e-10     4.535e-10   4.06946e-12   5.24128e-12   4.00715e-12   2.53533e-19   1.76235e-18   8.65188e-18   1.18701e-22    1.8263e-22   1.47114e-22   2.14449e-23   1.41095e-23   5.04847e-24   6.08838e-30   1.43043e-29   3.22935e-29   8.95877e-27   1.55752e-26   1.77279e-26   2.68191e-30   3.16538e-30   2.19369e-30   1.19809e-30   1.26316e-30   7.26899e-31   1.06733e-31   1.11134e-31   6.27265e-32
           25   0.000573948   0.000151814   1.27643e-05     0.0195205     0.0106611   0.000823885     0.0912086     0.0744406     0.0331184     0.0912086     0.0744406     0.0331184     0.0195205     0.0106611   0.000823885   0.000573948   0.000151814   1.27643e-05   4.62326e-06   6.83641e-07   1.24186e-07   6.40355e-07   2.19651e-07   6.76997e-08    0.00112117   0.000344627   3.07902e-05        0.0324     0.0266697    0.00283171        0.0324     0.0266697    0.00283171    0.00112117   0.000344627   3.07902e-05   3.85463e-09   2.83225e-09   1.89633e-09   2.37719e-14   1.09274e-13   6.21335e-13   9.24458e-21   3.83734e-20   2.23741e-19   9.22668e-16   3.98284e-15   1.06409e-14   8.08501e-10   1.26155e-09    9.7212e-10   8.37677e-12   1.14152e-11   8.61651e-12   5.30848e-19   3.65059e-18   1.84018e-17   1.47287e-22   2.14871e-22    1.8887e-22   2.49483e-23   1.64013e-23   5.94362e-24   1.40727e-29   3.93485e-29   1.00668e-28   2.84781e-26   5.02268e-26   5.75758e-26   3.79071e-30   4.52096e-30   3.46164e-30   1.70544e-30   1.78282e-30   1.03935e-30   1.37421e-31    1.4164e-31   8.13741e-32
           26   0.000608283   0.000143719   1.01769e-05     0.0203416     0.0102215   0.000697877     0.0947938     0.0762084     0.0315349     0.0947938     0.0762084     0.0315349     0.0203416     0.0102215   0.000697877   0.000608283   0.000143719   1.01769e-05   3.69688e-06   4.86797e-07   1.23542e-07   8.79216e-07   3.01333e-07   8.90139e-08    0.00153985   0.000498587   4.15104e-05     0.0361881     0.0294153    0.00335003     0.0361881     0.0294153    0.00335003    0.00153985   0.000498587   4.15104e-05    5.0626e-09   3.69722e-09   2.32846e-09   3.63797e-14   1.29088e-13    6.6203e-13   1.32095e-20   7.09952e-20   4.57154e-19   1.92468e-15   8.64927e-15   2.26287e-14   1.35348e-09   2.29014e-09   2.02595e-09   1.70263e-11   2.44828e-11    1.8132e-11   1.02739e-18   7.39135e-18   3.77656e-17   1.96735e-22   2.59497e-22   2.42163e-22   2.86097e-23   1.87471e-23   6.91799e-24   3.70612e-29    1.1607e-28   3.15395e-28   8.80275e-26   1.57398e-25   1.81798e-25   5.39265e-30   6.60984e-30   5.96163e-30    2.4208e-30   2.51128e-30   1.48124e-30   1.76742e-31   1.80736e-31   1.05586e-31
           27    0.00057565   0.000114823   8.45457e-06     0.0214585    0.00988554   0.000474799     0.0987637     0.0781287     0.0296412     0.0987637     0.0781287     0.0296412     0.0214585    0.00988554   0.000474799    0.00057565   0.000114823   8.45457e-06   3.13212e-06   4.22193e-07   8.42786e-08   1.20521e-06   4.10695e-07   1.14133e-07    0.00204352   0.000698248   5.49636e-05     0.0394705     0.0316919    0.00398048     0.0394705     0.0316919    0.00398048    0.00204352   0.000698248   5.49636e-05   6.53872e-09   4.56004e-09   2.73052e-09     4.667e-14   1.24099e-13   6.19334e-13   2.05505e-20    1.3147e-19   9.20308e-19   3.99639e-15   1.82811e-14    4.7167e-14   2.87559e-09    3.6636e-09   4.09935e-09   3.13273e-11   4.89659e-11   3.73886e-11    1.8753e-18   1.42361e-17   7.15268e-17   2.59096e-22   3.20348e-22    3.1107e-22    3.2286e-23   2.10861e-23   7.96487e-24   1.05178e-28   3.50454e-28   9.77348e-28   2.64918e-25   4.79888e-25   5.58788e-25   7.77224e-30    1.0092e-29   1.16087e-29    3.4231e-30   3.52732e-30   2.10327e-30   2.27076e-31   2.30853e-31   1.37022e-31
           28   0.000592403    0.00010053   6.98221e-06     0.0228444    0.00964031   0.000346418      0.103025     0.0800977     0.0274184      0.103025     0.0800977     0.0274184     0.0228444    0.00964031   0.000346418   0.000592403    0.00010053   6.98221e-06   2.78338e-06   3.66379e-07   7.00193e-08    1.6555e-06   5.51881e-07   1.42593e-07    0.00263864   0.000953212   7.15819e-05     0.0421482     0.0334731    0.00474227     0.0421482     0.0334731    0.00474227    0.00263864   0.000953212   7.15819e-05   8.17989e-09    5.4211e-09   3.05237e-09   4.84149e-14   1.11889e-13   5.83708e-13   3.63829e-20    2.3054e-19   1.84285e-18    8.7625e-15   3.72103e-14   9.65111e-14   5.95693e-09   6.73356e-09   7.90024e-09   6.24678e-11   9.74891e-11   7.56884e-11   3.63468e-18   2.84032e-17    1.4081e-16   3.31693e-22   4.10126e-22   4.03012e-22   3.59128e-23   2.33606e-23   9.02113e-24   3.07289e-28   1.05627e-27   2.97507e-27   7.77277e-25   1.42539e-24   1.67414e-24   1.14858e-29   1.65815e-29   2.58009e-29   4.81861e-30   4.93753e-30   2.97505e-30   2.91477e-31   2.95121e-31   1.77841e-31
           29   0.000615931   9.21361e-05   5.56157e-06      0.024456    0.00945094   0.000263008      0.107464     0.0820067     0.0249081      0.107464     0.0820067     0.0249081      0.024456    0.00945094   0.000263008   0.000615931   9.21361e-05   5.56157e-06   2.57756e-06   3.37568e-07   5.98455e-08   2.25333e-06   7.25201e-07   1.72498e-07    0.00333632     0.0012722   9.23695e-05     0.0441945     0.0347909    0.00564098     0.0441945     0.0347909    0.00564098    0.00333632     0.0012722   9.23695e-05    9.7231e-09   6.10025e-09   3.24243e-09   4.76245e-14   7.94677e-14   5.04278e-13   6.59468e-20   4.17766e-19    3.5985e-18   1.74872e-14    7.4645e-14   1.94016e-13   1.17653e-08   1.41322e-08    1.3056e-08   1.21095e-10   1.84579e-10   1.50523e-10   6.89787e-18    5.2441e-17   2.69515e-16   4.12824e-22   5.11851e-22   5.31379e-22   3.94486e-23   2.55469e-23   1.00652e-23   8.99917e-28   3.14117e-27   8.87231e-27    2.2264e-24   4.13034e-24    4.8954e-24   1.77495e-29   3.02758e-29   6.37632e-29   6.74976e-30   6.88574e-30   4.19195e-30   3.73866e-31   3.77571e-31    2.3084e-31
           30   0.000645915   8.58946e-05   3.26209e-06     0.0262273    0.00928748   0.000210071      0.111971     0.0837742     0.0221905      0.111971     0.0837742     0.0221905     0.0262273    0.00928748   0.000210071   0.000645915   8.58946e-05   3.26209e-06   2.36426e-06   3.88416e-07   5.78231e-08    2.9689e-06   9.21532e-07    2.0037e-07    0.00414872    0.00167002   0.000118303     0.0456354     0.0357249    0.00666493     0.0456354     0.0357249    0.00666493    0.00414872    0.00167002   0.000118303   1.10047e-08   6.55142e-09   3.24374e-09   4.46033e-14   3.38699e-14   3.57604e-13   1.18853e-19   7.74321e-19   6.53886e-18   3.39742e-14   1.51873e-13   3.83503e-13   2.24837e-08   2.75936e-08   1.97833e-08   2.23496e-10   3.49085e-10   2.94495e-10   1.32564e-17   9.81538e-17   5.18162e-16   5.01258e-22   6.31739e-22   7.18073e-22   4.28737e-23    2.7639e-23    1.1115e-23   2.60729e-27   9.17148e-27   2.59002e-26    6.2346e-24    1.1693e-23   1.39901e-23    2.9457e-29   6.23851e-29   1.67983e-28   9.40659e-30   9.56575e-30   5.88445e-30   4.79279e-31   4.83391e-31   2.99645e-31
           31   0.000670816   8.08894e-05    2.0115e-06      0.028091    0.00911075   0.000174231       0.11645     0.0853481     0.0193413       0.11645     0.0853481     0.0193413      0.028091    0.00911075   0.000174231   0.000670816   8.08894e-05    2.0115e-06   1.90737e-06   4.63713e-07   5.82731e-08   3.74519e-06   1.08987e-06   2.22879e-07    0.00510084    0.00215587   0.000149037     0.0465482     0.0363434    0.00776929     0.0465482     0.0363434    0.00776929    0.00510084    0.00215587   0.000149037   1.21346e-08    6.8213e-09   3.29866e-09   3.24724e-14   5.24642e-14   2.84185e-13   2.11169e-19   1.47227e-18   1.19848e-17   5.76601e-14   2.84147e-13   7.45851e-13   4.18943e-08   5.17584e-08   3.59503e-08   3.28669e-10   6.30942e-10   5.66641e-10   2.78436e-17   1.72475e-16   9.94315e-16    5.9606e-22   7.62455e-22   1.00186e-21   4.61857e-23   2.96411e-23   1.21812e-23   7.42938e-27   2.62422e-26   7.40082e-26   1.70919e-23   3.23883e-23   3.91292e-23   5.38482e-29   1.42987e-28   4.55162e-28   1.30421e-29   1.32383e-29   8.23112e-30   6.14174e-31   6.19239e-31   3.88936e-31
           32   0.000697372   7.82662e-05   1.47918e-06     0.0299717    0.00892341    0.00014784      0.120829     0.0867112     0.0164895      0.120829     0.0867112     0.0164895     0.0299717    0.00892341    0.00014784   0.000697372   7.82662e-05   1.47918e-06   2.02527e-06   4.71296e-07   5.24536e-08   4.40125e-06   1.19863e-06   2.29886e-07    0.00618314    0.00271585     0.0001813     0.0469995     0.0367202    0.00891571     0.0469995     0.0367202    0.00891571    0.00618314    0.00271585     0.0001813   1.36277e-08   6.66064e-09   3.17902e-09   1.98834e-14   6.92401e-14   2.94219e-13   3.68666e-19    2.8888e-18    2.1732e-17   1.04558e-13   5.05255e-13   1.42793e-12   7.63931e-08   9.44338e-08   6.60122e-08   5.26329e-10   1.13472e-09   1.07367e-09   6.04532e-17   3.13359e-16   1.88167e-15   6.96596e-22   9.09442e-22   1.44639e-21   4.93843e-23   3.15658e-23    1.2934e-23   2.07704e-26   7.35438e-26   2.07063e-25   4.59289e-23   8.78898e-23   1.07242e-22   1.09437e-28   3.52187e-28    1.2401e-27   1.79923e-29   1.82544e-29   1.14764e-29    7.8681e-31   7.93635e-31   5.04744e-31
           33   0.000718909   7.64807e-05   1.42528e-06     0.0318113    0.00873549   0.000130771      0.125044     0.0878435     0.0137635      0.125044     0.0878435     0.0137635     0.0318113    0.00873549   0.000130771   0.000718909   7.64807e-05   1.42528e-06   2.04373e-06   4.90509e-07   4.99902e-08   4.87645e-06   1.25157e-06   2.25837e-07    0.00735818     0.0032936   0.000212616     0.0471975     0.0369231     0.0100411     0.0471975     0.0369231     0.0100411    0.00735818     0.0032936   0.000212616   1.48391e-08   6.35792e-09   2.78262e-09    2.1171e-14   7.55794e-14    3.3649e-13   6.33122e-19   5.16019e-18   4.18031e-17   2.12524e-13   9.15299e-13   2.69203e-12   1.36581e-07   1.68455e-07   1.17779e-07    9.5806e-10   1.94477e-09   1.99108e-09   1.01719e-16   5.72002e-16   3.51115e-15   8.02497e-22   1.07418e-21   2.14612e-21   5.24696e-23   3.34049e-23   1.35979e-23   5.69272e-26   2.01889e-25   5.67507e-25   1.21095e-22   2.33895e-22   2.88279e-22   2.43749e-28   9.00527e-28   3.35605e-27   2.47037e-29   2.50865e-29    1.5955e-29   1.00772e-30   1.01745e-30     6.548e-31
           34    0.00074298   7.58971e-05   1.14349e-06     0.0335703    0.00857045   0.000122264      0.129042     0.0887132     0.0112974      0.129042     0.0887132     0.0112974     0.0335703    0.00857045   0.000122264    0.00074298   7.58971e-05   1.14349e-06   2.12066e-06   5.17544e-07   4.87466e-08   5.12323e-06   1.21669e-06   2.13365e-07    0.00851372    0.00384002   0.000239168     0.0472254     0.0370087      0.011073     0.0472254     0.0370087      0.011073    0.00851372    0.00384002   0.000239168   1.52029e-08   6.83252e-09   2.67419e-09   3.28602e-14   8.75425e-14   3.42508e-13   1.08551e-18   8.95691e-18   7.22286e-17   4.24535e-13   1.62165e-12   5.00091e-12   2.39703e-07   2.94518e-07   2.05115e-07   1.71816e-09   3.17136e-09   3.62545e-09    1.7326e-16   1.01048e-15   6.44988e-15   9.13637e-22     1.266e-21   3.20166e-21   5.54095e-23    3.5151e-23   1.45529e-23   1.52955e-25   5.43086e-25   1.52447e-24   3.13593e-22   6.11065e-22   7.60486e-22   5.78012e-28   2.33256e-27   8.96733e-27   3.37693e-29   3.43717e-29   2.21262e-29   1.29026e-30   1.30446e-30   8.48983e-31
           35    0.00076557    7.5265e-05   1.23619e-06     0.0352392    0.00843666   0.000114733      0.132779     0.0893083    0.00918528      0.132779     0.0893083    0.00918528     0.0352392    0.00843666   0.000114733    0.00076557    7.5265e-05   1.23619e-06   2.19045e-06   5.43822e-07   4.68834e-08   4.99565e-06   1.11648e-06   1.97322e-07    0.00973863    0.00431066   0.000256717     0.0471677     0.0370208     0.0120006     0.0471677     0.0370208     0.0120006    0.00973863    0.00431066   0.000256717   1.66088e-08   6.48234e-09   2.49492e-09   3.88199e-14   9.97137e-14   3.96188e-13   1.81641e-18   1.50526e-17   1.22133e-16   8.17737e-13   2.92146e-12   9.15475e-12   4.13318e-07   5.05371e-07   3.49757e-07   2.99547e-09   4.68155e-09   6.57639e-09   2.98838e-16   1.87212e-15   1.16711e-14   1.03024e-21   1.49641e-21   4.80723e-21   5.81784e-23   3.67287e-23   1.54459e-23   4.03017e-25   1.43236e-24   4.01606e-24   7.98543e-22   1.56897e-21   1.96946e-21   1.41786e-27   6.03291e-27   2.35921e-26   4.59782e-29   4.69699e-29   3.06206e-29   1.65131e-30   1.67211e-30   1.09985e-30
           36   0.000786053   7.50171e-05    1.2235e-06     0.0368257    0.00834708   0.000115641      0.136227     0.0896346    0.00749387      0.136227     0.0896346    0.00749387     0.0368257    0.00834708   0.000115641   0.000786053   7.50171e-05    1.2235e-06   2.37359e-06   5.94203e-07   4.65603e-08   6.47861e-06   9.72084e-07    1.7681e-07     0.0109399    0.00467814   0.000262303     0.0470996     0.0369938     0.0126579     0.0470996     0.0369938     0.0126579     0.0109399    0.00467814   0.000262303   1.48174e-08   6.55037e-09   2.51478e-09   5.07681e-14   1.07633e-13   4.28708e-13   3.00539e-18   2.46695e-17   2.05175e-16   1.52923e-12   5.33836e-12   1.65101e-11   7.00715e-07   8.51908e-07    5.8492e-07   5.15794e-09   7.38757e-09   1.15646e-08   4.96153e-16   3.28149e-15   2.09384e-14   1.15301e-21   1.78433e-21   7.12662e-21   6.06557e-23   3.81686e-23   1.61243e-23   1.04191e-24   3.70623e-24    1.0382e-23   2.00187e-21   3.96173e-21   5.00915e-21   3.52301e-27   1.54619e-26    6.1048e-26   6.23825e-29   6.40441e-29   4.23053e-29    2.1121e-30   2.14228e-30   1.42328e-30
           37   0.000809022   7.58601e-05   1.47566e-06     0.0383521    0.00830879   0.000112465      0.139374     0.0897166    0.00624743      0.139374     0.0897166    0.00624743     0.0383521    0.00830879   0.000112465   0.000809022   7.58601e-05   1.47566e-06   2.46433e-06   6.17096e-07   4.45199e-08   7.34754e-06    9.1474e-07   1.52948e-07     0.0120325    0.00492839    0.00024802     0.0470832     0.0369533     0.0129521     0.0470832     0.0369533     0.0129521     0.0120325    0.00492839    0.00024802   1.64918e-08   6.90995e-09   2.43121e-09   4.55289e-14   1.08494e-13   4.56422e-13   4.90723e-18   3.97232e-17   3.22714e-16   2.76943e-12   9.58404e-12   2.94294e-11   1.16878e-06   1.41183e-06   9.60366e-07   8.84159e-09   1.31907e-08     1.755e-08   8.29704e-16   5.64879e-15   3.69897e-14   1.28364e-21   2.16151e-21   1.01515e-20   6.28898e-23   3.90697e-23   1.65165e-23   2.64447e-24   9.41438e-24   2.63542e-23   4.94587e-21   9.84405e-21   1.25212e-20   8.75306e-27   3.91201e-26   1.55337e-25   8.43874e-29   8.71695e-29   5.83747e-29    2.6991e-30   2.74233e-30   1.83925e-30
           38    0.00083641   7.73358e-05   1.49635e-06     0.0398309    0.00832453   0.000111707      0.142224     0.0895905     0.0053692      0.142224     0.0895905     0.0053692     0.0398309    0.00832453   0.000111707    0.00083641   7.73358e-05   1.49635e-06   2.64378e-06    6.4169e-07   4.31558e-08   7.93414e-06   7.87935e-07   1.24604e-07     0.0129692    0.00505957   0.000225467     0.0471654     0.0369195     0.0129458     0.0471654     0.0369195     0.0129458     0.0129692    0.00505957   0.000225467   1.52282e-08   7.04447e-09   2.47529e-09   4.55797e-14   1.13373e-13   4.64432e-13   7.83979e-18   6.01295e-17   4.86352e-16   4.76082e-12   1.68891e-11   5.19196e-11   1.91922e-06   2.30171e-06   1.54923e-06   1.51216e-08   2.30315e-08   2.47368e-08   1.36044e-15    9.2393e-15   6.19487e-14   1.42514e-21    2.6773e-21   1.47097e-20   6.43997e-23    3.9278e-23   1.67025e-23    6.5934e-24   2.34911e-23   6.57325e-23   1.20341e-20   2.40721e-20   3.08328e-20   2.15891e-26   9.75438e-26   3.88729e-25   1.13875e-28   1.18481e-28   8.04766e-29    3.4452e-30    3.5062e-30   2.37275e-30
           39   0.000866101   7.87612e-05   1.55405e-06     0.0412925     0.0083916   0.000112888      0.144794     0.0892968    0.00475381      0.144794     0.0892968    0.00475381     0.0412925     0.0083916   0.000112888   0.000866101   7.87612e-05   1.55405e-06   2.79871e-06   6.50629e-07   4.14294e-08   8.21177e-06   9.22463e-07   9.88698e-08     0.0137348    0.00509818    0.00020936     0.0473797     0.0369098     0.0127284     0.0473797     0.0369098     0.0127284     0.0137348    0.00509818    0.00020936   1.51843e-08   6.58109e-09   2.49884e-09   4.80645e-14   1.16195e-13   4.71608e-13     1.238e-17   9.44077e-17   6.94919e-16   7.94073e-12   2.92508e-11   9.04682e-11   3.10423e-06   3.69355e-06   2.45692e-06   2.58023e-08   3.95082e-08   4.16363e-08    2.1989e-15   1.46653e-14   9.85048e-14   1.58334e-21   3.40684e-21   2.26503e-20   6.47387e-23   3.90496e-23   1.67599e-23   1.60966e-23   5.75812e-23   1.61181e-22   2.87341e-20   5.78699e-20    7.4849e-20   5.26554e-26   2.39538e-25   9.57064e-25   1.53404e-28   1.60898e-28    1.1089e-28   4.39096e-30   4.47581e-30   3.05487e-30
           40   0.000899094    8.0586e-05   1.26752e-06     0.0427632    0.00850129   0.000112266      0.147107     0.0888777    0.00431218      0.147107     0.0888777    0.00431218     0.0427632    0.00850129   0.000112266   0.000899094    8.0586e-05   1.26752e-06   2.92063e-06   6.58981e-07   4.17193e-08   8.05102e-06   8.75435e-07   8.41328e-08     0.0143326     0.0050489   0.000194807     0.0477486     0.0369307     0.0123679     0.0477486     0.0369307     0.0123679     0.0143326     0.0050489   0.000194807   1.59186e-08   6.55155e-09   2.52494e-09   4.78211e-14   1.15804e-13   4.62682e-13   1.94132e-17   1.50133e-16   1.03279e-15    1.3065e-11   5.05911e-11   1.53692e-10    4.9481e-06   5.83681e-06   3.83251e-06   4.39077e-08   6.70143e-08   6.97958e-08   3.51232e-15   2.30171e-14   1.49753e-13   1.76411e-21   4.45904e-21   3.50198e-20    6.4274e-23   3.85833e-23   1.67383e-23   3.86534e-23   1.38674e-22   3.88781e-22    6.7222e-20    1.3743e-19   1.79563e-19   1.26097e-25   5.78783e-25   2.31921e-24   2.06443e-28   2.18389e-28   1.52781e-28   5.58609e-30   5.70257e-30   3.92411e-30
           41   0.000935276   8.26384e-05   1.39999e-06     0.0442613    0.00864303   0.000112146      0.149192     0.0883724    0.00398098      0.149192     0.0883724    0.00398098     0.0442613    0.00864303   0.000112146   0.000935276   8.26384e-05   1.39999e-06   3.07188e-06   6.70518e-07   4.03916e-08    7.7194e-06   9.56239e-07   7.48702e-08     0.0147892    0.00493177   0.000175411      0.048281     0.0369933     0.0119464      0.048281     0.0369933     0.0119464     0.0147892    0.00493177   0.000175411   1.60429e-08   6.75351e-09   2.41707e-09   4.85505e-14   1.15621e-13   5.48054e-13   2.96246e-17   2.29131e-16   1.66571e-15   2.13784e-11   8.08121e-11    2.4014e-10   7.77638e-06   9.08731e-06   5.88271e-06    7.4507e-08   1.12773e-07    1.1528e-07   5.56081e-15   3.59566e-14   2.05559e-13   1.97997e-21   5.98437e-21   5.36723e-20    6.3303e-23   3.79541e-23   1.65898e-23   9.16088e-23   3.29075e-22   9.23019e-22   1.56044e-19   3.22972e-19   4.24197e-19   2.98894e-25   1.37723e-24   5.53392e-24   2.78028e-28   2.96315e-28   2.10569e-28   7.09111e-30   7.24915e-30   5.02776e-30
           42   0.000975776   8.53573e-05    1.2647e-06     0.0457952      0.008809   0.000112508      0.151078     0.0878159    0.00372072      0.151078     0.0878159    0.00372072     0.0457952      0.008809   0.000112508   0.000975776   8.53573e-05    1.2647e-06   3.21314e-06   6.95768e-07   4.06288e-08   7.24211e-06   9.64002e-07   8.69415e-08      0.015142    0.00477329   0.000164152     0.0489767     0.0370971     0.0114645     0.0489767     0.0370971     0.0114645      0.015142    0.00477329   0.000164152   1.64697e-08   6.81186e-09    2.5316e-09    4.8287e-14    1.1784e-13   2.76277e-13   4.72715e-17   3.59685e-16   2.63837e-15   3.41886e-11   1.37586e-10   3.86465e-10   1.20543e-05    1.3944e-05   8.88853e-06     1.261e-07   1.88634e-07   1.88223e-07   8.74644e-15   5.61919e-14   3.11467e-13   2.24751e-21   8.18716e-21    8.1351e-20   6.21043e-23   3.70458e-23    1.6277e-23   2.14594e-22   7.68444e-22   2.15786e-21     3.578e-19   7.49361e-19   9.82727e-19   7.01693e-25   3.22825e-24   1.30075e-23   3.74565e-28   4.02086e-28   2.90494e-28   8.97927e-30   9.19156e-30   6.42387e-30
           43    0.00101947   8.83504e-05   1.25523e-06     0.0473592    0.00899264   0.000112006       0.15279     0.0872363    0.00350831       0.15279     0.0872363    0.00350831     0.0473592    0.00899264   0.000112006    0.00101947   8.83504e-05   1.25523e-06   3.32635e-06   7.33461e-07   4.09878e-08   6.75718e-06   9.84082e-07   1.05073e-07     0.0154315    0.00460693   0.000148519     0.0498209     0.0372255     0.0108878     0.0498209     0.0372255     0.0108878     0.0154315    0.00460693   0.000148519   1.61996e-08   6.23442e-09   2.27422e-09   4.78199e-14   1.18556e-13   1.97432e-13   6.73606e-17    5.3386e-16   4.11665e-15   5.39389e-11    1.9068e-10   5.62746e-10   1.84371e-05   2.10945e-05   1.32243e-05   2.12945e-07   3.14003e-07   3.04449e-07   1.36852e-14   8.78682e-14   4.95541e-13   2.57756e-21   1.13402e-20   1.21767e-19   6.05702e-23   3.57862e-23   1.58004e-23   4.94544e-22   1.77032e-21    4.9694e-21   8.08044e-19   1.68705e-18   2.20472e-18   1.62424e-24   7.46773e-24   3.01283e-23   5.03431e-28   5.45571e-28   4.01501e-28   1.13384e-29   1.16214e-29   8.18315e-30
           44    0.00106335   9.03858e-05   1.50668e-06     0.0489448    0.00918713   0.000111985      0.154351     0.0866543      0.003331      0.154351     0.0866543      0.003331     0.0489448    0.00918713   0.000111985    0.00106335   9.03858e-05   1.50668e-06   3.42493e-06   7.47501e-07   4.00959e-08   6.39032e-06   1.05757e-06   1.08614e-07     0.0156923    0.00445513   0.000128336     0.0507859     0.0373503     0.0102123     0.0507859     0.0373503     0.0102123     0.0156923    0.00445513   0.000128336   1.50968e-08   6.25355e-09   1.70899e-09   4.79808e-14    7.4211e-14   1.74749e-13   1.04185e-16   8.05486e-16    6.3416e-15   8.54341e-11   3.00591e-10   7.74804e-10   2.78326e-05   3.14696e-05    1.9378e-05   3.58959e-07   5.20637e-07   4.88462e-07   2.13136e-14   1.37093e-13   7.83056e-13   3.01377e-21   1.58005e-20   1.79945e-19    5.8524e-23   3.41803e-23   1.51763e-23   1.11954e-21   4.02003e-21    1.1277e-20   1.80215e-18   3.69604e-18   4.92609e-18    3.6962e-24   1.70311e-23   6.87875e-23   6.74993e-28   7.39486e-28    5.5671e-28    1.4274e-29   1.46488e-29   1.03914e-29
           45    0.00110951   9.30943e-05   1.20313e-06     0.0505353    0.00938641   0.000111428      0.155779     0.0860855     0.0031816      0.155779     0.0860855     0.0031816     0.0505353    0.00938641   0.000111428    0.00110951   9.30943e-05   1.20313e-06   3.51031e-06   7.56831e-07   4.04988e-08   5.88791e-06   6.71271e-07   6.49984e-08      0.015952    0.00434196    0.00012287     0.0518356     0.0374496     0.0094673     0.0518356     0.0374496     0.0094673      0.015952    0.00434196    0.00012287   1.45967e-08   6.01343e-09   1.56432e-09   5.75492e-14   6.71401e-14   8.91018e-14   1.62636e-16   1.21059e-15   9.66047e-15   1.36777e-10    4.8363e-10   1.25919e-09   4.14797e-05   4.63066e-05   2.79719e-05    6.0422e-07   8.60457e-07   7.78083e-07   3.30117e-14   2.12931e-13   1.22451e-12   3.57317e-21   2.20567e-20   2.62513e-19   5.59477e-23   3.22656e-23   1.44275e-23   2.49847e-21   8.98871e-21   2.52497e-20   4.04379e-18    8.0174e-18   1.08242e-17    8.3024e-24   3.83013e-23   1.54857e-22   9.02976e-28   1.00244e-27   7.75989e-28    1.7912e-29   1.84049e-29   1.31527e-29
           46    0.00115658    9.6013e-05   1.20051e-06       0.05211    0.00959003   0.000111299      0.157084     0.0855393     0.0030546      0.157084     0.0855393     0.0030546       0.05211    0.00959003   0.000111299    0.00115658    9.6013e-05   1.20051e-06   3.58768e-06   7.77945e-07   3.96108e-08   5.33456e-06   5.40533e-07   5.49115e-08     0.0162307    0.00425421   0.000109975     0.0529334     0.0375125     0.0086925     0.0529334     0.0375125     0.0086925     0.0162307    0.00425421   0.000109975   1.50219e-08   5.27776e-09    1.5053e-09   3.60412e-14    6.1525e-14   1.47919e-13   2.35044e-16   1.80241e-15   1.45675e-14   2.21857e-10   7.83636e-10     2.038e-09   6.10413e-05   6.72172e-05   3.97805e-05   1.01571e-06   1.41815e-06   1.23143e-06   5.08582e-14   3.28901e-13   1.89772e-12   4.29972e-21    3.0695e-20   3.78265e-19   5.28837e-23   3.00936e-23   1.35861e-23   5.52954e-21   1.98497e-20   5.58349e-20   8.70378e-18   1.72954e-17    2.2996e-17   1.83567e-23   8.48654e-23   3.43839e-22   1.20951e-27   1.35757e-27   1.09061e-27   2.24011e-29   2.30463e-29   1.65925e-29
           47    0.00120357   9.88249e-05   1.20705e-06     0.0536531    0.00979444   0.000110893      0.158276     0.0850215    0.00294711      0.158276     0.0850215    0.00294711     0.0536531    0.00979444   0.000110893    0.00120357   9.88249e-05   1.20705e-06   3.61826e-06   7.67028e-07   3.88821e-08   4.36142e-06   3.78778e-07   4.15344e-08     0.0165272    0.00418663   0.000113608     0.0540458      0.037533    0.00793051     0.0540458      0.037533    0.00793051     0.0165272    0.00418663   0.000113608   1.50111e-08   5.58184e-09   1.62832e-09   2.42819e-14   4.57506e-14   1.53964e-13   3.46385e-16    2.6625e-15   2.17618e-14   3.65221e-10   1.27678e-09   3.27239e-09   8.87117e-05   9.62584e-05   5.57436e-05   1.70487e-06   2.33128e-06   1.93741e-06   7.79416e-14   5.05231e-13   2.91859e-12   5.28581e-21   4.25173e-20    5.3849e-19   4.93988e-23   2.77107e-23   1.26852e-23    1.2066e-20   4.32768e-20   1.21955e-19    1.8219e-17   4.03242e-17   4.71969e-17   4.01932e-23   1.85628e-22   7.53147e-22   1.62005e-27   1.83928e-27   1.55201e-27    2.7917e-29   2.87584e-29   2.08621e-29
           48    0.00125076   0.000101541   1.38659e-06     0.0551526    0.00999757   0.000110955      0.159361     0.0845382    0.00285666      0.159361     0.0845382    0.00285666     0.0551526    0.00999757   0.000110955    0.00125076   0.000101541   1.38659e-06   3.69961e-06   7.78142e-07   3.75115e-08   3.89229e-06   4.82993e-07   5.71438e-08     0.0168338    0.00413555   0.000104683     0.0551431     0.0375092    0.00722069     0.0551431     0.0375092    0.00722069     0.0168338    0.00413555   0.000104683   1.29865e-08    5.7894e-09    1.6425e-09    2.0864e-14    5.4826e-14   1.56974e-13   5.04463e-16   3.90338e-15   3.22271e-14   6.11472e-10   2.09407e-09   5.22514e-09   0.000127335   0.000135995   7.69687e-05   2.85582e-06   3.82207e-06   3.03112e-06   1.18868e-13   7.72255e-13   4.45993e-12   6.56861e-21   5.81403e-20   7.58343e-19   4.55901e-23   2.52107e-23   1.17535e-23   2.59374e-20   9.32223e-20   2.63692e-19   3.38753e-17   7.03445e-17   8.97665e-17   8.67037e-23   4.00274e-22   1.62771e-21   2.16704e-27   2.49614e-27   2.24843e-27   3.46498e-29   3.57606e-29   2.61432e-29
           49    0.00129725   0.000104162   1.31296e-06     0.0565998     0.0101969   0.000111272      0.160343     0.0840891    0.00278062      0.160343     0.0840891    0.00278062     0.0565998     0.0101969   0.000111272    0.00129725   0.000104162   1.31296e-06   3.75676e-06   7.90495e-07   3.68328e-08   3.03141e-06   3.75224e-07   5.51954e-08     0.0171359    0.00410524   0.000101233     0.0562006     0.0374411    0.00659361     0.0562006     0.0374411    0.00659361     0.0171359    0.00410524   0.000101233   1.36521e-08   6.38147e-09   1.64239e-09   2.21042e-14   6.77821e-14   1.57787e-13   7.14406e-16   5.67874e-15   4.73425e-14   1.04389e-09   3.46398e-09    8.3201e-09   0.000180528   0.000189545   0.000104721   4.77004e-06   6.24656e-06   4.71639e-06   1.80566e-13   1.17572e-12   6.77983e-12   8.24145e-21   7.83989e-20   1.05615e-18   4.15605e-23   2.26645e-23   1.08192e-23   5.50125e-20   1.98041e-19   5.63378e-19   8.32777e-17   1.50584e-16   1.94451e-16   1.84684e-22   8.52423e-22   3.47201e-21   2.89698e-27   3.39456e-27   3.33721e-27   4.28309e-29   4.43112e-29   3.26545e-29
           50    0.00134216   0.000106465   1.05142e-06     0.0579896     0.0103898    0.00011164      0.161227     0.0836737     0.0027164      0.161227     0.0836737     0.0027164     0.0579896     0.0103898    0.00011164    0.00134216   0.000106465   1.05142e-06   3.80829e-06   7.98181e-07   3.65211e-08   2.69032e-06   5.27591e-07   6.34709e-08     0.0174187    0.00409208   9.94997e-05     0.0571972      0.037336    0.00606488     0.0571972      0.037336    0.00606488     0.0174187    0.00409208   9.94997e-05   1.33979e-08   7.06344e-09   1.60807e-09   2.53724e-14   6.99471e-14   1.39902e-13   1.00789e-15   8.19948e-15   6.90363e-14   1.82193e-09   5.79184e-09   1.32439e-08   0.000252794   0.000260596   0.000140392   7.93495e-06   1.01693e-05   7.29783e-06   2.73587e-13   1.78527e-12   1.02652e-11   1.04167e-20   1.03899e-19   1.45237e-18   3.74052e-23   2.01243e-23    9.9212e-24   1.15066e-19   4.13836e-19   1.17933e-18   1.51478e-16    3.0732e-16   4.02829e-16   3.88303e-22   1.79269e-21   7.31246e-21   3.86922e-27   4.63219e-27   5.10707e-27   5.27848e-29   5.47156e-29   4.06586e-29
           51    0.00138638   0.000108698   1.25789e-06     0.0593185     0.0105751   0.000112253       0.16202     0.0832907    0.00266145       0.16202     0.0832907    0.00266145     0.0593185     0.0105751   0.000112253    0.00138638   0.000108698   1.25789e-06   3.86173e-06   8.23971e-07     3.667e-08   2.17034e-06   4.66207e-07   5.31606e-08     0.0176661    0.00408967   9.90538e-05     0.0581182     0.0372037    0.00563857     0.0581182     0.0372037    0.00563857     0.0176661    0.00408967   9.90538e-05   1.46894e-08   7.20329e-09   1.63305e-09   2.71588e-14   7.19867e-14   1.26695e-13   1.42366e-15   1.17556e-14   1.00004e-13   3.25798e-09   9.80922e-09   2.11148e-08   0.000349616   0.000353362   0.000185451   1.31274e-05   1.64739e-05   1.12255e-05   4.14289e-13   2.70823e-12   1.54993e-11   1.32201e-20    1.3626e-19    1.9595e-18   3.32196e-23   1.76358e-23   9.08255e-24   2.37382e-19   8.51951e-19   2.43811e-18   2.99388e-16   6.22618e-16   8.19065e-16   8.07039e-22   3.72621e-21    1.5213e-20   5.16866e-27   6.35811e-27   8.09848e-27   6.48712e-29   6.73343e-29   5.04711e-29
           52    0.00143005   0.000110773   1.19129e-06     0.0605823     0.0107525   0.000112762      0.162726     0.0829387    0.00261372      0.162726     0.0829387    0.00261372     0.0605823     0.0107525   0.000112762    0.00143005   0.000110773   1.19129e-06    3.9032e-06   8.18877e-07   3.60824e-08   2.60098e-06   6.02432e-07   6.11562e-08     0.0178675      0.004093   9.87943e-05     0.0589532     0.0370548    0.00530816     0.0589532     0.0370548    0.00530816     0.0178675      0.004093   9.87943e-05   1.44143e-08   6.76665e-09   1.54201e-09   3.14649e-14   7.96782e-14   1.42502e-13   2.00472e-15   1.67473e-14   1.44012e-13   5.97499e-09   1.68573e-08    3.3764e-08   0.000477498   0.000472481   0.000241365   2.15685e-05    2.6522e-05   1.71551e-05   6.28635e-13   4.11269e-12   2.33673e-11   1.67726e-20   1.77658e-19   2.61515e-18   2.91035e-23   1.52609e-23   8.31384e-24   4.85157e-19   1.72691e-18   4.88947e-18   5.99128e-16   1.24993e-15    1.6437e-15   1.65693e-21   7.64769e-21   3.12728e-20   6.89739e-27   8.80414e-27   1.33347e-26   7.94539e-29   8.25967e-29   6.24714e-29
           53    0.00147309   0.000112658   1.16921e-06     0.0617789     0.0109253   0.000113262      0.163355     0.0826155    0.00257141      0.163355     0.0826155    0.00257141     0.0617789     0.0109253   0.000113262    0.00147309   0.000112658   1.16921e-06   3.94678e-06   8.15279e-07   3.57934e-08   2.62143e-06   5.08369e-07   5.30119e-08     0.0180174    0.00409742   9.87473e-05     0.0596969     0.0368995     0.0050615     0.0596969     0.0368995     0.0050615     0.0180174    0.00409742   9.87473e-05   1.43045e-08    6.6268e-09   1.54802e-09    3.2168e-14   7.47625e-14   1.33946e-13   2.81237e-15   2.37304e-14   2.06336e-13    1.1232e-08   2.94276e-08   5.42063e-08   0.000643941   0.000622824   0.000309508   3.51369e-05   4.23745e-05   2.60263e-05   9.59091e-13   6.26682e-12   3.52239e-11   2.12049e-20   2.30184e-19   3.42907e-18   2.51372e-23   1.30421e-23   7.62988e-24   9.96051e-19   3.45043e-18   9.72949e-18   1.19031e-15   2.48098e-15   3.25975e-15   3.36029e-21     1.553e-20   6.35545e-20   9.21822e-27   1.23468e-26   2.27612e-26   9.69006e-29   1.00996e-28   7.71165e-29
           54    0.00151536   0.000114371   1.21858e-06      0.062909     0.0110968     0.0001134      0.163912     0.0823188    0.00253341      0.163912     0.0823188    0.00253341      0.062909     0.0110968     0.0001134    0.00151536   0.000114371   1.21858e-06   3.99394e-06   8.26334e-07   3.47026e-08    2.7865e-06   6.22344e-07   6.02439e-08     0.0181194    0.00410055   9.82005e-05     0.0603497     0.0367473    0.00488273     0.0603497     0.0367473    0.00488273     0.0181194    0.00410055   9.82005e-05   1.38625e-08   6.37217e-09    1.4821e-09   3.49681e-14   7.91576e-14    1.3742e-13   3.92486e-15    3.3485e-14   2.94384e-13   2.15947e-08   5.21976e-08   8.74268e-08   0.000857301     0.0008092   0.000391043   5.66655e-05   6.70836e-05    3.9159e-05   1.47756e-12   9.60733e-12   5.31619e-11   2.66373e-20   2.95719e-19   4.46341e-18   2.14228e-23    1.1045e-23   7.01709e-24   2.02655e-18   6.82843e-18    1.9138e-17   2.33748e-15   4.86599e-15   6.38923e-15   6.75289e-21   3.12171e-20   1.27819e-19   1.23376e-26   1.76165e-26   4.00756e-26   1.17763e-28   1.23124e-28   9.49571e-29
           55    0.00155722   0.000116274    1.0652e-06     0.0639725     0.0112656   0.000113469      0.164405     0.0820456    0.00249885      0.164405     0.0820456    0.00249885     0.0639725     0.0112656   0.000113469    0.00155722   0.000116274    1.0652e-06   4.03552e-06   8.31632e-07    3.5381e-08   2.55362e-06   6.22318e-07   5.59757e-08     0.0181806    0.00410085   9.79281e-05     0.0609169     0.0366061    0.00475573     0.0609169     0.0366061    0.00475573     0.0181806    0.00410085   9.79281e-05   1.33345e-08   6.09292e-09   1.44057e-09   3.72175e-14   7.86459e-14   1.07478e-13   5.45671e-15   4.71194e-14   4.18595e-13   4.23093e-08   9.40115e-08   1.41694e-07    0.00112653      0.001036   0.000486808   9.03255e-05    0.00010506   5.83641e-05   2.31065e-12   1.48619e-11    8.0451e-11   3.31714e-20   3.75907e-19   5.77875e-18    1.7971e-23   9.20796e-24   6.50597e-24   4.07471e-18   1.33458e-17   3.70816e-17   4.53505e-15   9.43081e-15   1.23763e-14   1.33992e-20   6.20593e-20   2.54379e-19   1.65758e-26   2.56962e-26   7.22755e-26   1.42698e-28   1.49692e-28   1.16658e-28
           56    0.00159812   0.000118192    1.0825e-06      0.064969     0.0114363   0.000113296      0.164842     0.0817928    0.00246718      0.164842     0.0817928    0.00246718      0.064969     0.0114363   0.000113296    0.00159812   0.000118192    1.0825e-06   4.07406e-06   8.32738e-07    3.4859e-08   2.99747e-06   6.82893e-07   5.96749e-08     0.0182122    0.00409932   9.77161e-05     0.0614074      0.036482    0.00466586     0.0614074      0.036482    0.00466586     0.0182122    0.00409932   9.77161e-05   1.25549e-08   5.92969e-09   1.40189e-09   3.71559e-14   8.02578e-14   1.18799e-13   7.57346e-15   6.62339e-14    5.9375e-13   8.40908e-08   1.71659e-07   2.30741e-07    0.00146071    0.00130672   0.000597216   0.000142101   0.000162497   8.60582e-05   3.69066e-12   2.32721e-11   1.22139e-10   4.08663e-20   4.72023e-19   7.42983e-18   1.50531e-23   7.92569e-24    6.0064e-24   8.15376e-18   2.55491e-17   6.24025e-17   8.69621e-15   1.80655e-14   2.36932e-14   2.63215e-20   1.22073e-19   5.02865e-19   2.23988e-26    3.8478e-26   1.32521e-25   1.72254e-28   1.81504e-28   1.43021e-28
           57    0.00163784   0.000119884   1.09327e-06     0.0659018     0.0116042   0.000113279      0.165228     0.0815579     0.0024381      0.165228     0.0815579     0.0024381     0.0659018     0.0116042   0.000113279    0.00163784   0.000119884   1.09327e-06   4.11636e-06   8.25542e-07   3.48503e-08   2.52581e-06   5.07248e-07   5.35556e-08     0.0182266    0.00409822   9.77726e-05     0.0618299     0.0363788    0.00460174     0.0618299     0.0363788    0.00460174     0.0182266    0.00409822   9.77726e-05   1.26085e-08   6.07778e-09   1.37921e-09   3.65669e-14   7.71328e-14   1.02082e-13   1.05241e-14   9.31806e-14   8.40867e-13   1.68709e-07   3.17041e-07   3.77378e-07    0.00186859    0.00162366   0.000722182   0.000220334    0.00024781    0.00012536   6.06218e-12   3.70175e-11   1.86011e-10   4.97821e-20   5.84798e-19   9.45853e-18   1.20889e-23   6.18151e-24   5.67795e-24   1.59226e-17   4.68827e-17   1.19326e-16   1.64889e-14   3.42119e-14   4.48332e-14   5.11436e-20   2.37372e-19   9.79437e-19   3.05399e-26   5.93065e-26   2.45362e-25   2.07499e-28   2.19534e-28   1.75018e-28
           58    0.00167835   0.000121494    1.1539e-06     0.0667773     0.0117659   0.000112692       0.16557     0.0813383     0.0024114       0.16557     0.0813383     0.0024114     0.0667773     0.0117659   0.000112692    0.00167835   0.000121494    1.1539e-06   4.15019e-06   8.20196e-07   3.42005e-08   3.25613e-06   7.11672e-07   5.97417e-08     0.0182376    0.00410177   9.82454e-05     0.0621985      0.036299    0.00455379     0.0621985      0.036299    0.00455379     0.0182376    0.00410177   9.82454e-05   1.19122e-08   5.85197e-09   1.33248e-09   4.22043e-14   8.63971e-14    1.1666e-13   1.46903e-14   1.31488e-13   1.18991e-12   3.39998e-07   5.90625e-07   6.19339e-07    0.00235791    0.00198743   0.000861109   0.000336278   0.000371993   0.000180137   1.03141e-11   6.00469e-11   2.84402e-10    5.9906e-20   7.15059e-19   1.18811e-17   9.40877e-24   4.53734e-24   5.29515e-24    3.1661e-17   9.39252e-17     2.246e-16   3.09261e-14   6.40662e-14   8.38672e-14   9.82469e-20   4.55513e-19   1.87914e-18   4.21456e-26   9.41204e-26    4.5619e-25     2.492e-28   2.64942e-28   2.13823e-28
           59    0.00172015   0.000123098   1.16013e-06     0.0676026     0.0119201    0.00011256      0.165873     0.0811315    0.00238695      0.165873     0.0811315    0.00238695     0.0676026     0.0119201    0.00011256    0.00172015   0.000123098   1.16013e-06   4.17358e-06   8.35375e-07   3.39049e-08   2.28226e-06    3.9221e-07   4.17072e-08     0.0182568    0.00411392   9.91392e-05     0.0625281     0.0362422    0.00451677     0.0625281     0.0362422    0.00451677     0.0182568    0.00411392   9.91392e-05    1.2663e-08   6.48967e-09   1.41107e-09   3.58182e-14   6.66345e-14    9.4684e-14   2.06979e-14   1.86557e-13   1.68363e-12   6.85108e-07   1.10641e-06   1.01888e-06     0.0029346    0.00239668    0.00101292   0.000504575    0.00054875   0.000254953   1.82877e-11   9.93856e-11   4.36674e-10   7.11091e-20   8.63059e-19   1.47515e-17   7.33232e-24   3.57047e-24   4.74773e-24    5.4235e-17   1.59391e-16   4.21274e-16   5.73906e-14    1.1866e-13   1.55127e-13   1.87073e-19   8.64486e-19   3.63564e-18   5.91031e-26   1.53476e-25   8.48129e-25   2.98445e-28   3.19117e-28   2.60859e-28
           60    0.00189565   0.000157962   2.00721e-06      0.068386     0.0120691   0.000118892      0.166141     0.0809362    0.00236448      0.166141     0.0809362    0.00236448      0.068386     0.0120691   0.000118892    0.00189565   0.000157962   2.00721e-06   3.44075e-06   6.08113e-07   2.83205e-08   3.59188e-06   7.27751e-07   6.02138e-08     0.0182958    0.00413803   9.98767e-05     0.0628278     0.0362059    0.00448683     0.0628278     0.0362059    0.00448683     0.0182958    0.00413803   9.98767e-05   1.15674e-08   5.93472e-09   1.29942e-09   4.88214e-14   9.08776e-14   1.23701e-13   2.96013e-14   2.66906e-13     2.383e-12   1.37457e-06   2.07736e-06   1.67793e-06    0.00360181    0.00284798    0.00117615    0.00074347   0.000794174   0.000354865   3.39323e-11   1.67143e-10   6.72696e-10   8.33626e-20   1.02765e-18   1.81353e-17    5.6247e-24   2.29143e-24   4.25115e-24   8.34728e-17   2.87067e-16   7.86337e-16   1.05405e-13    2.1742e-13   2.83776e-13   3.51634e-19   1.61809e-18   6.81461e-18   8.46145e-26   2.56076e-25   1.57189e-24    3.5683e-28   3.83708e-28   3.17848e-28
           61    0.00191205   0.000143926   1.32262e-06     0.0691301     0.0122113   0.000113695       0.16638     0.0807522    0.00234374       0.16638     0.0807522    0.00234374     0.0691301     0.0122113   0.000113695    0.00191205   0.000143926   1.32262e-06   3.69074e-06    6.8004e-07   3.18006e-08   4.98581e-06   1.00901e-06   7.95449e-08     0.0183632    0.00417561    0.00010152     0.0631021     0.0361867    0.00446172     0.0631021     0.0361867    0.00446172     0.0183632    0.00417561    0.00010152   1.08273e-08   5.73185e-09   1.11285e-09   6.58398e-14    1.2351e-13   1.53347e-13   4.32983e-14   3.86241e-13   3.37577e-12   2.73561e-06   3.89675e-06   2.76217e-06    0.00435922    0.00333597    0.00134892    0.00107461     0.0011258   0.000485023   6.46721e-11    2.8592e-10   1.03877e-09   9.65096e-20   1.20946e-18    2.2068e-17   4.47749e-24     2.288e-24   3.63066e-24   1.52486e-16   5.22461e-16   1.45319e-15   1.91576e-13   3.94194e-13   5.13509e-13   6.52173e-19   2.97668e-18   1.22277e-17   1.23727e-25   4.34902e-25   2.89792e-24   4.25626e-28   4.60648e-28   3.86875e-28
           62    0.00195142   0.000154288   1.95246e-06     0.0698404     0.0123496   0.000115579      0.166592     0.0805794    0.00232466      0.166592     0.0805794    0.00232466     0.0698404     0.0123496   0.000115579    0.00195142   0.000154288   1.95246e-06   3.52685e-06   5.53826e-07   2.93046e-08   4.26577e-06   8.09533e-07   5.72289e-08     0.0184645    0.00422692   0.000103033     0.0633546      0.036181    0.00443993     0.0633546      0.036181    0.00443993     0.0184645    0.00422692   0.000103033   1.02722e-08   6.41582e-09   1.28698e-09   5.82616e-14     6.178e-14   7.38724e-14   6.52714e-14   5.67535e-13   4.79102e-12   5.38188e-06    7.2793e-06   4.53805e-06    0.00520198    0.00385357    0.00152928    0.00152202    0.00156063   0.000650038   1.26248e-10   4.96747e-10   1.60484e-09   1.10544e-19   1.39681e-18    2.6601e-17   3.74078e-24   1.95758e-24   3.45023e-24   2.76294e-16   9.48315e-16    2.6558e-15   3.44754e-13   7.07347e-13   9.19373e-13   1.19477e-18   5.49752e-18   2.24421e-17   1.85472e-25   7.47645e-25   5.30658e-24   5.07541e-28   5.52357e-28   4.70461e-28
           63    0.00199536   0.000160026   2.30614e-06     0.0705202     0.0124841   0.000121017      0.166783     0.0804175    0.00230695      0.166783     0.0804175    0.00230695     0.0705202     0.0124841   0.000121017    0.00199536   0.000160026   2.30614e-06   3.49568e-06   4.65848e-07   2.77113e-08   3.49246e-06   5.81677e-07   4.19443e-08     0.0186016    0.00429167   0.000104856     0.0635893     0.0361859    0.00442088     0.0635893     0.0361859    0.00442088     0.0186016    0.00429167   0.000104856   1.20912e-08   6.47724e-09   1.23827e-09   1.43889e-14   7.20805e-14   9.46465e-14   1.02225e-13   8.48267e-13   6.82437e-12   1.04276e-05   1.34985e-05   7.42908e-06    0.00612137    0.00439265    0.00171574    0.00211019    0.00211236   0.000853139    2.5155e-10   8.71498e-10   2.49859e-09   1.24959e-19   1.58348e-18   3.16882e-17   2.90098e-24   1.92761e-24   3.36509e-24   4.98388e-16   1.71389e-15   4.80201e-15   6.14797e-13   1.25657e-12    1.6289e-12   2.16596e-18   1.01433e-17   4.28078e-17   2.84938e-25    1.2947e-24   9.64203e-24   6.03484e-28   6.61586e-28   5.71658e-28
           64    0.00203638   0.000164406   2.44948e-06     0.0711646     0.0126151   0.000122076      0.166954     0.0802663    0.00229038      0.166954     0.0802663    0.00229038     0.0711646     0.0126151   0.000122076    0.00203638   0.000164406   2.44948e-06   3.47857e-06   4.15312e-07   1.24898e-08   3.96997e-06   7.40098e-07   5.09814e-08     0.0187747    0.00436867   0.000108168     0.0638082     0.0361995    0.00440447     0.0638082     0.0361995    0.00440447     0.0187747    0.00436867   0.000108168   8.99633e-09   6.07606e-09    1.2236e-09     3.491e-14   9.30897e-14   8.94309e-14   1.67045e-13   1.29183e-12   9.76635e-12   1.98501e-05    2.4764e-05   1.20973e-05    0.00710239    0.00494422     0.0019068    0.00286076    0.00278766     0.0010953   5.06371e-10   1.52928e-09   3.91086e-09   1.39443e-19   1.78045e-18   3.76814e-17   3.48161e-24   3.08216e-24   2.71598e-24   8.94312e-16   3.07725e-15   8.59573e-15   1.08631e-12   2.21078e-12   2.85658e-12   3.89985e-18    1.8019e-17   6.16158e-17   4.47491e-25   2.24882e-24   1.73722e-23   7.16953e-28   7.91528e-28    6.9416e-28
           65     0.0020726   0.000166809   2.50283e-06      0.071768     0.0127421   0.000120701      0.167109     0.0801255    0.00227478      0.167109     0.0801255    0.00227478      0.071768     0.0127421   0.000120701     0.0020726   0.000166809   2.50283e-06   3.50072e-06   3.97561e-07   7.20699e-09   3.82546e-06   6.54313e-07   4.65422e-08     0.0189822    0.00445535   0.000110545     0.0640113     0.0362035     0.0043906     0.0640113     0.0362035     0.0043906     0.0189822    0.00445535   0.000110545   1.08185e-08   6.38147e-09   1.22812e-09   4.95456e-14   6.13698e-14   9.57473e-14   2.85015e-13   2.00849e-12   1.40107e-11   3.70195e-05   4.47929e-05   1.95585e-05    0.00812607    0.00550018    0.00210087    0.00378797     0.0035804    0.00137387   1.01652e-09   2.75091e-09   6.14135e-09   1.54344e-19    1.9942e-18   4.40854e-17   2.20727e-24   1.01783e-24    2.9551e-24   1.59378e-15    5.4722e-15   1.52398e-14   1.90289e-12   3.85351e-12   4.95945e-12   6.99965e-18    3.1365e-17   1.06145e-16   7.15708e-25   3.90497e-24   3.10231e-23   8.51196e-28   9.46241e-28     8.424e-28
           66    0.00210685   0.000167827   2.52003e-06     0.0723441     0.0128655    0.00012064       0.16725      0.079995    0.00226005       0.16725      0.079995    0.00226005     0.0723441     0.0128655    0.00012064    0.00210685   0.000167827   2.52003e-06   3.55045e-06   3.93327e-07    7.8904e-09   4.07946e-06   7.05146e-07   4.74813e-08      0.019221    0.00454968   0.000112866     0.0642034     0.0362192    0.00437914     0.0642034     0.0362192    0.00437914      0.019221    0.00454968   0.000112866   9.39529e-09   6.31927e-09   1.23587e-09   6.41276e-14   8.93482e-14   1.00179e-13   5.08457e-13   3.18886e-12   2.00619e-11   6.74641e-05   7.96166e-05   3.13341e-05    0.00917011    0.00605391    0.00229716    0.00489381    0.00446631    0.00168249   2.01188e-09   5.05075e-09   9.65266e-09   1.69158e-19    2.2248e-18   5.26238e-17   1.96628e-24   3.22151e-24   8.93212e-25   2.81835e-15   9.63996e-15     2.677e-14   3.30464e-12   6.64832e-12   8.52605e-12   1.24929e-17   5.14079e-17   1.85944e-16   1.16084e-24   6.76479e-24   5.48965e-23   1.00953e-27   1.13039e-27   1.02182e-27
           67    0.00214636   0.000164422   1.88264e-06     0.0729185     0.0129844   0.000113244      0.167378     0.0798745    0.00224619      0.167378     0.0798745    0.00224619     0.0729185     0.0129844   0.000113244    0.00214636   0.000164422   1.88264e-06   3.99082e-06   5.55491e-07    1.2362e-08   5.41933e-06    1.1073e-06   6.99235e-08     0.0194859    0.00464965   0.000114828      0.064385     0.0362438    0.00436986      0.064385     0.0362438    0.00436986     0.0194859    0.00464965   0.000114828   7.21121e-09   5.93037e-09   1.09553e-09   8.38741e-14   9.96936e-14   8.15645e-14   9.44861e-13   5.17268e-12   2.86053e-11   0.000119867   0.000138601   4.96359e-05     0.0102097    0.00659787    0.00249519    0.00616101    0.00540423    0.00201116   4.12563e-09   9.38765e-09   1.51545e-08   1.84608e-19   2.47328e-18   6.05319e-17   2.05448e-24   1.76369e-24   2.31772e-24   4.94367e-15   1.68378e-14   4.66016e-14   5.68325e-12   1.13777e-11    1.4517e-11   2.19897e-17   7.97067e-17   3.27224e-16   1.90482e-24   1.16573e-23   9.62436e-23   1.19625e-27    1.3494e-27   1.23887e-27
           68    0.00219013   0.000169736   1.75081e-06      0.073488     0.0131043   0.000112561      0.167496     0.0797635    0.00223315      0.167496     0.0797635    0.00223315      0.073488     0.0131043   0.000112561    0.00219013   0.000169736   1.75081e-06   4.12191e-06   6.11169e-07   1.62616e-08   6.49066e-06   1.38061e-06   8.60695e-08     0.0197711     0.0047531   0.000116265     0.0645564     0.0362759    0.00436246     0.0645564     0.0362759    0.00436246     0.0197711     0.0047531   0.000116265   3.30399e-09   3.56412e-09   1.04064e-09   9.20127e-14   1.36513e-13   1.20768e-13   1.81844e-12   8.63173e-12   4.03985e-11   0.000207269   0.000235632   7.75812e-05     0.0112202    0.00712373    0.00269473    0.00755285     0.0063483    0.00234802    8.5937e-09   1.75587e-08   2.37054e-08   2.00987e-19    2.7523e-18   6.94188e-17   2.22641e-24   9.82537e-25             0   8.61336e-15   2.91676e-14   8.04133e-14   9.70126e-12   1.92927e-11   2.44856e-11   3.88799e-17   1.40553e-16    5.6113e-16   3.14133e-24   1.99791e-23   1.67167e-22   1.41558e-27   1.60976e-27    1.5014e-27
           69    0.00223745   0.000181845   2.23256e-06     0.0740514     0.0132247    0.00011169      0.167603     0.0796609    0.00222094      0.167603     0.0796609    0.00222094     0.0740514     0.0132247    0.00011169    0.00223745   0.000181845   2.23256e-06   4.16178e-06   5.81346e-07   1.34531e-08   6.09386e-06   1.32575e-06   7.97974e-08     0.0200703    0.00485807   0.000117256      0.064719     0.0363163    0.00435664      0.064719     0.0363163    0.00435664     0.0200703    0.00485807   0.000117256   4.96777e-09   2.57992e-09   7.20704e-10   9.98816e-14   1.87387e-13   1.51176e-13   3.61625e-12   1.48133e-11   5.71857e-11   0.000348233   0.000390138    0.00011938     0.0121773    0.00762474    0.00289577    0.00900537    0.00725878    0.00268184   1.79341e-08   3.28859e-08   3.68684e-08   2.16745e-19   3.04081e-18   7.89121e-17   9.77576e-25   1.11907e-24             0   1.48864e-14     5.011e-14   1.37569e-13   1.63943e-11   3.24302e-11   4.09191e-11   5.71019e-17   2.53267e-16   9.60747e-16   5.19475e-24   3.40259e-23   2.87662e-22   1.67584e-27   1.91926e-27   1.81921e-27
           70    0.00219634    0.00016044   1.49965e-06     0.0745817     0.0133405    0.00011628        0.1677     0.0795661    0.00220952        0.1677     0.0795661    0.00220952     0.0745817     0.0133405    0.00011628    0.00219634    0.00016044   1.49965e-06   4.17896e-06   5.64357e-07    8.7059e-09   5.09626e-06   1.06738e-06   6.22923e-08     0.0203771    0.00496283   0.000117084     0.0648726     0.0363606    0.00435202     0.0648726     0.0363606    0.00435202     0.0203771    0.00496283   0.000117084   8.62192e-09   4.12704e-09   9.43827e-10   9.04532e-14   1.86921e-13   1.65363e-13    7.3211e-12   2.55323e-11   8.15233e-11   0.000567766   0.000627616   0.000180456     0.0130592    0.00809666    0.00309822     0.0104393    0.00810521    0.00300272   3.72064e-08   6.14276e-08    5.6887e-08   2.36063e-19   3.34684e-18    8.7407e-17    7.2215e-25   1.14396e-24   2.21576e-24   2.55148e-14   8.53897e-14    2.3338e-13   2.74397e-11   5.40523e-11   6.77639e-11    8.9197e-17   4.07521e-16   1.63859e-15   8.58512e-24   5.74735e-23   4.90464e-22   1.98123e-27   2.28711e-27   2.20396e-27
           71    0.00220721   0.000155826   1.40415e-06     0.0750966     0.0134601   0.000122517      0.167788      0.079478    0.00219878      0.167788      0.079478    0.00219878     0.0750966     0.0134601   0.000122517    0.00220721   0.000155826   1.40415e-06   4.18858e-06   5.37276e-07   1.04979e-08   4.59648e-06   7.90207e-07   4.06719e-08     0.0206865    0.00506619   0.000117662     0.0650171     0.0364076    0.00434827     0.0650171     0.0364076    0.00434827     0.0206865    0.00506619   0.000117662   1.26612e-08   6.11454e-09   1.17061e-09   9.48457e-14   1.63285e-13   1.46084e-13   1.50286e-11    4.3129e-11   1.16206e-10    0.00089765   0.000979343   0.000267507     0.0138486    0.00853639    0.00330187     0.0117849    0.00887082    0.00330355   7.63018e-08    1.1392e-07    8.6891e-08   2.60301e-19   3.71095e-18   9.95522e-17   3.66365e-26   1.66286e-24    5.5035e-24    4.3369e-14   1.44196e-13   3.92694e-13   4.54992e-11   8.91889e-11   1.11224e-10   1.52471e-16     6.759e-16   2.77634e-15   1.41631e-23   9.63529e-23    8.2862e-22   2.34142e-27   2.72401e-27   2.67024e-27
           72    0.00223549     0.0001561   1.45976e-06     0.0755953     0.0135794   0.000120175      0.167868      0.079396    0.00218864      0.167868      0.079396    0.00218864     0.0755953     0.0135794   0.000120175    0.00223549     0.0001561   1.45976e-06   4.19097e-06   5.19337e-07   1.21781e-08   4.75294e-06   6.69524e-07   4.02675e-08     0.0209938     0.0051674   0.000119259     0.0651523     0.0364566    0.00434518     0.0651523     0.0364566    0.00434518     0.0209938     0.0051674   0.000119259   1.37259e-08   6.89883e-09   1.20589e-09   6.38702e-14   9.45427e-14   1.37596e-13   3.08488e-11   6.91976e-11   1.63783e-10    0.00137549    0.00148068   0.000388264      0.014533     0.0089408     0.0035062     0.0129939    0.00955381    0.00358076    1.5396e-07   2.08626e-07   1.31289e-07   2.93087e-19   4.14913e-18   1.11045e-16             0   2.51384e-24   9.69001e-24    7.3219e-14   2.41655e-13   6.55516e-13   7.47996e-11   1.45812e-10   1.80962e-10   2.56881e-16   1.12872e-15   4.66822e-15    2.3258e-23   1.60012e-22   1.38726e-21   2.76708e-27   3.24228e-27   3.23613e-27
           73    0.00238138   0.000186156   2.10582e-06     0.0760953     0.0136937    0.00011426       0.16794     0.0793197     0.0021791       0.16794     0.0793197     0.0021791     0.0760953     0.0136937    0.00011426    0.00238138   0.000186156   2.10582e-06   4.11189e-06   5.20192e-07   1.34793e-08   6.01817e-06   1.10631e-06   6.45801e-08     0.0212955    0.00526566   0.000120219     0.0652779     0.0365043    0.00434261     0.0652779     0.0365043    0.00434261     0.0212955    0.00526566   0.000120219   1.45534e-08   7.03914e-09   1.16379e-09   7.30487e-14   1.12249e-13   1.32694e-13   5.61983e-11   1.11631e-10   2.28376e-10    0.00204266    0.00217079   0.000551307     0.0151032    0.00930729    0.00371041     0.0140331     0.0101397    0.00383238   3.04248e-07   3.75337e-07   1.94656e-07   3.36782e-19   4.67676e-18   1.28463e-16   3.63223e-25   2.58888e-24   6.84193e-24   1.22444e-13   4.01866e-13    1.0858e-12   1.21846e-10   2.36585e-10   2.91904e-10   4.29824e-16   1.88047e-15    7.7876e-15   3.80198e-23   2.63641e-22   2.30163e-21   3.26887e-27   3.85716e-27   3.92424e-27
           74    0.00244416   0.000197791   2.49228e-06     0.0765816     0.0138044   0.000115442      0.168006     0.0792486    0.00217015      0.168006     0.0792486    0.00217015     0.0765816     0.0138044   0.000115442    0.00244416   0.000197791   2.49228e-06   4.11251e-06   5.33035e-07   1.55179e-08   4.99604e-06   8.48418e-07   4.31466e-08     0.0215899    0.00536066   0.000121271     0.0653941     0.0365497    0.00434043     0.0653941     0.0365497    0.00434043     0.0215899    0.00536066   0.000121271   1.26031e-08   6.87196e-09   1.08131e-09   7.38048e-14   5.73251e-14   1.10761e-13   9.13187e-11   1.79323e-10   3.14481e-10    0.00293946    0.00309187   0.000765716     0.0155564    0.00963381    0.00391331      0.014889      0.010616    0.00405763   5.86026e-07   6.61078e-07   2.80475e-07   3.99767e-19   5.20426e-18   1.41456e-16   5.88956e-25   1.49757e-24   8.18762e-24   2.03637e-13   6.63439e-13   1.78506e-12   1.96711e-10   3.80378e-10   4.66902e-10   7.14889e-16   3.11456e-15   1.28906e-14   6.17289e-23   4.30871e-22   3.78455e-21   3.86043e-27   4.58657e-27   4.76355e-27
           75    0.00247672   0.000203276   2.63631e-06     0.0770486     0.0138893   0.000116095      0.168066     0.0791824     0.0021618      0.168066     0.0791824     0.0021618     0.0770486     0.0138893   0.000116095    0.00247672   0.000203276   2.63631e-06    4.1507e-06   5.45165e-07   1.66857e-08   4.83434e-06   7.41101e-07    4.4403e-08     0.0218753    0.00545248   0.000122565     0.0655011     0.0365919    0.00433857     0.0655011     0.0365919    0.00433857     0.0218753    0.00545248   0.000122565   1.51161e-08   7.54152e-09   1.16855e-09   6.67081e-14             0   9.13708e-14    1.5427e-10   2.82689e-10   4.23291e-10    0.00410511    0.00426252    0.00103978     0.0158947     0.0099205    0.00411337      0.015563     0.0109799    0.00425722   1.09566e-06   1.13213e-06   3.89817e-07   5.00313e-19   5.86383e-18    1.5307e-16             0             0   7.50699e-24   3.36403e-13   1.08958e-12   2.91344e-12   3.14688e-10    6.0634e-10   7.40635e-10   1.18075e-15   5.12342e-15   2.11764e-14   9.95509e-23   6.97745e-22   6.16774e-21   4.55536e-27   5.45032e-27   5.79141e-27
           76    0.00240602   0.000176034   1.87762e-06     0.0774513     0.0139923   0.000118825      0.168121     0.0791201    0.00215382      0.168121     0.0791201    0.00215382     0.0774513     0.0139923   0.000118825    0.00240602   0.000176034   1.87762e-06   4.21066e-06    5.1436e-07   1.64828e-08   6.73309e-06   1.32494e-06   7.14428e-08     0.0221511    0.00554156   0.000123556     0.0655994     0.0366303    0.00433696     0.0655994     0.0366303    0.00433696     0.0221511    0.00554156   0.000123556   1.47261e-08   7.13686e-09   1.04908e-09   6.67147e-14   6.35192e-14   9.73273e-14   2.65585e-10   4.25406e-10   5.53394e-10    0.00557708    0.00563836    0.00137655     0.0161285     0.0101686     0.0043088     0.0160674     0.0112445    0.00443444   1.98802e-06     1.893e-06   5.30258e-07   6.45767e-19   6.81966e-18   1.68526e-16   6.78789e-25   3.29996e-25   2.94972e-24   5.52604e-13   1.77745e-12   4.72196e-12   4.99499e-10   9.58395e-10   1.16525e-09   1.93705e-15   8.36039e-15   3.45335e-14   1.59429e-22   1.12006e-21   9.96361e-21   5.37584e-27   6.47344e-27   7.05672e-27
           77    0.00240362   0.000170037   1.49711e-06     0.0778549     0.0140957   0.000123416      0.168172      0.079061    0.00214615      0.168172      0.079061    0.00214615     0.0778549     0.0140957   0.000123416    0.00240362   0.000170037   1.49711e-06    4.2286e-06   4.90982e-07   8.92648e-09   7.89418e-06   1.65222e-06   8.98232e-08     0.0224167    0.00562879    0.00012518     0.0656898     0.0366654    0.00433558     0.0656898     0.0366654    0.00433558     0.0224167    0.00562879    0.00012518   8.34082e-09   4.68646e-09   8.64186e-10   8.12202e-14   1.14248e-13   1.11614e-13   4.81479e-10   6.56993e-10    7.1029e-10    0.00734097    0.00714509    0.00176737     0.0162712     0.0103804    0.00449769     0.0164111     0.0114316    0.00459574   3.48212e-06   3.03471e-06   7.07545e-07   8.30851e-19   7.85694e-18   1.74018e-16   8.61645e-24   5.52884e-24             0   9.03406e-13   2.88351e-12   7.60163e-12   7.85458e-10   1.50283e-09    1.8189e-09   3.15632e-15   1.35497e-14   5.59175e-14   2.53291e-22   1.78375e-21   1.59569e-20   6.33714e-27   7.68458e-27   8.62465e-27
           78    0.00252635   0.000195366    2.1577e-06     0.0782648     0.0141937   0.000116049      0.168218     0.0790055    0.00213884      0.168218     0.0790055    0.00213884     0.0782648     0.0141937   0.000116049    0.00252635   0.000195366    2.1577e-06   4.37998e-06   5.56698e-07   1.05627e-08   7.07326e-06   1.44075e-06   8.63958e-08     0.0226723    0.00571374   0.000126664     0.0657735     0.0366981    0.00433438     0.0657735     0.0366981    0.00433438     0.0226723    0.00571374   0.000126664   1.20876e-08   5.82264e-09   1.12198e-09   9.56416e-14   1.58311e-13   2.76389e-14   8.36166e-10    1.0276e-09   8.83153e-10    0.00928922     0.0086785    0.00217321     0.0163301     0.0105594    0.00467818     0.0166184     0.0115649    0.00474616   5.92436e-06   4.59348e-06   9.32786e-07   1.05507e-18   8.80911e-18   1.84664e-16   9.65458e-24   1.27624e-23   4.52198e-24   1.46685e-12   4.65035e-12   1.21588e-11   1.22391e-09   2.33551e-09   2.81707e-09   5.10924e-15   2.18268e-14   8.99262e-14    3.9977e-22   2.81542e-21   2.53369e-20   7.46942e-27   9.11651e-27   1.05828e-26
           79    0.00256234   0.000203343   2.43082e-06     0.0786619     0.0142929   0.000118061      0.168262     0.0789536    0.00213193      0.168262     0.0789536    0.00213193     0.0786619     0.0142929   0.000118061    0.00256234   0.000203343   2.43082e-06   4.53616e-06   5.98752e-07   1.39836e-08   6.22647e-06   1.17172e-06   6.34196e-08     0.0229186    0.00579611     0.0001278     0.0658506     0.0367288    0.00433334     0.0658506     0.0367288    0.00433334     0.0229186    0.00579611     0.0001278   1.69124e-08   7.57844e-09   1.28258e-09   1.06507e-13   1.73598e-13   4.26243e-14   1.44143e-09   1.50691e-09   1.04296e-09     0.0112834     0.0100953    0.00255468     0.0163317     0.0107098    0.00484855     0.0167015     0.0116677    0.00488799   9.63668e-06   6.62031e-06   1.20786e-06   1.33754e-18   1.07315e-17   1.97646e-16   2.55641e-24   4.86118e-24   8.51255e-24   2.37207e-12   7.45486e-12   1.93288e-11   1.89198e-09   3.60123e-09   4.32855e-09   8.21824e-15   3.49246e-14   1.43672e-13   6.26676e-22   4.41002e-21    3.9899e-20   8.79526e-27   1.08117e-26   1.30487e-26
