# Probe 0 (44.65 35.42 1)
# Probe 1 (44.65 35.42 3)
# Probe 2 (44.65 35.42 8)
# Probe 3 (52.13 22.51 1)
# Probe 4 (52.13 22.51 3)
# Probe 5 (52.13 22.51 8)
# Probe 6 (57 8.01 1)
# Probe 7 (57 8.01 3)
# Probe 8 (57 8.01 8)
# Probe 9 (56.58 6.95 1)
# Probe 10 (56.58 6.95 3)
# Probe 11 (56.58 6.95 8)
# Probe 12 (53.37 21.56 1)
# Probe 13 (53.37 21.56 3)
# Probe 14 (53.37 21.56 8)
# Probe 15 (45.14 34.46 1)
# Probe 16 (45.14 34.46 3)
# Probe 17 (45.14 34.46 8)
# Probe 18 (34.75 45.17 1)
# Probe 19 (34.75 45.17 3)
# Probe 20 (34.75 45.17 8)
# Probe 21 (121.4 69.72 1)
# Probe 22 (121.4 69.72 3)
# Probe 23 (121.4 69.72 8)
# Probe 24 (133.12 42.09 1)
# Probe 25 (133.12 42.09 3)
# Probe 26 (133.12 42.09 8)
# Probe 27 (139.63 13.08 1)
# Probe 28 (139.63 13.08 3)
# Probe 29 (139.63 13.08 8)
# Probe 30 (138.96 17.06 1)
# Probe 31 (138.96 17.06 3)
# Probe 32 (138.96 17.06 8)
# Probe 33 (132.32 46.47 1)
# Probe 34 (132.32 46.47 3)
# Probe 35 (132.32 46.47 8)
# Probe 36 (118.98 73.05 1)
# Probe 37 (118.98 73.05 3)
# Probe 38 (118.98 73.05 8)
# Probe 39 (100.93 97.02 1)
# Probe 40 (100.93 97.02 3)
# Probe 41 (100.93 97.02 8)
# Probe 42 (378.52 128.83 1)
# Probe 43 (378.52 128.83 3)
# Probe 44 (378.52 128.83 8)
# Probe 45 (393.53 70.57 1)
# Probe 46 (393.53 70.57 3)
# Probe 47 (393.53 70.57 8)
# Probe 48 (399.84 11.15 1)
# Probe 49 (399.84 11.15 3)
# Probe 50 (399.84 11.15 8)
# Probe 51 (397.02 48.75 1)
# Probe 52 (397.02 48.75 3)
# Probe 53 (397.02 48.75 8)
# Probe 54 (385.26 107.55 1)
# Probe 55 (385.26 107.55 3)
# Probe 56 (385.26 107.55 8)
# Probe 57 (364.77 163.67 1)
# Probe 58 (364.77 163.67 3)
# Probe 59 (364.77 163.67 8)
# Probe 60 (336.11 216.58 1)
# Probe 61 (336.11 216.58 3)
# Probe 62 (336.11 216.58 8)
# Probe 63 (797.53 62.27 1)
# Probe 64 (797.53 62.27 3)
# Probe 65 (797.53 62.27 8)
# Probe 66 (799.8 17.7 1)
# Probe 67 (799.8 17.7 3)
# Probe 68 (799.8 17.7 8)
# Probe 69 (794.04 97.5 1)
# Probe 70 (794.04 97.5 3)
# Probe 71 (794.04 97.5 8)
# Probe 72 (780.33 176.31 1)
# Probe 73 (780.33 176.31 3)
# Probe 74 (780.33 176.31 8)
# Probe 75 (758.78 253.36 1)
# Probe 76 (758.78 253.36 3)
# Probe 77 (758.78 253.36 8)
#       Probe             0             1             2             3             4             5             6             7             8             9            10            11            12            13            14            15            16            17            18            19            20            21            22            23            24            25            26            27            28            29            30            31            32            33            34            35            36            37            38            39            40            41            42            43            44            45            46            47            48            49            50            51            52            53            54            55            56            57            58            59            60            61            62            63            64            65            66            67            68            69            70            71            72            73            74            75            76            77
#        Time
            1       308.559       308.559       308.559       308.559       308.559       308.559       308.519       308.525        308.55       308.519       308.525        308.55       308.559       308.559       308.559       308.559       308.559       308.559        308.56        308.56       308.559        308.56        308.56        308.56        308.56        308.56        308.56        308.56        308.56        308.56        308.56        308.56        308.56        308.56        308.56        308.56        308.56        308.56        308.56        308.56        308.56        308.56        308.56        308.56        308.56        308.56        308.56        308.56        308.56        308.56        308.56        308.56        308.56        308.56        308.56        308.56        308.56        308.56        308.56        308.56        308.56        308.56        308.56        308.56        308.56       308.559        308.56       308.559       308.559        308.56        308.56       308.559        308.56        308.56       308.559        308.56       308.559       308.559
            2       308.559       308.559       308.559       308.558       308.559       308.559        308.28       308.361       308.519        308.28       308.361       308.519       308.558       308.559       308.559       308.559       308.559       308.559       308.559       308.559       308.559        308.56        308.56        308.56        308.56        308.56       308.559       308.559       308.559       308.559       308.559       308.559       308.559        308.56        308.56       308.559        308.56        308.56        308.56        308.56        308.56        308.56        308.56        308.56        308.56        308.56        308.56        308.56        308.56       308.559       308.559        308.56        308.56        308.56        308.56        308.56        308.56        308.56        308.56        308.56        308.56        308.56        308.56        308.56       308.559       308.559        308.56       308.559       308.559        308.56       308.559       308.559        308.56       308.559       308.559       308.559       308.559       308.559
            3       308.553       308.559       308.559       308.533       308.557       308.559       307.618       307.881       308.465       307.618       307.881       308.465       308.533       308.557       308.559       308.553       308.559       308.559       308.559       308.559       308.559        308.56        308.56        308.56        308.56        308.56        308.56        308.56       308.559       308.559        308.56       308.559       308.559        308.56        308.56        308.56        308.56        308.56        308.56        308.56        308.56        308.56        308.56        308.56        308.56        308.56        308.56        308.56        308.56        308.56       308.559        308.56        308.56        308.56        308.56        308.56        308.56        308.56        308.56        308.56        308.56        308.56        308.56        308.56       308.559       308.559        308.56       308.559       308.559        308.56       308.559       308.559        308.56       308.559       308.559        308.56       308.559       308.559
            4       308.506       308.558       308.559       308.397       308.553       308.558        306.34       306.916       308.385        306.34       306.916       308.385       308.397       308.553       308.558       308.506       308.558       308.559       308.553       308.559       308.559        308.56        308.56        308.56        308.56        308.56        308.56        308.56       308.559       308.559        308.56       308.559       308.559        308.56        308.56        308.56        308.56        308.56        308.56        308.56        308.56        308.56        308.56        308.56        308.56        308.56        308.56        308.56        308.56        308.56       308.559        308.56        308.56        308.56        308.56        308.56        308.56        308.56        308.56        308.56        308.56        308.56        308.56        308.56       308.559       308.559        308.56       308.559       308.559        308.56       308.559       308.559        308.56       308.559       308.559        308.56       308.559       308.559
            5       308.382       308.555       308.559       308.069       308.442       308.557       304.846       305.239       308.241       304.846       305.239       308.241       308.069       308.442       308.557       308.382       308.555       308.559       308.531       308.559       308.559        308.56        308.56        308.56        308.56        308.56        308.56       308.559       308.559       308.559       308.559       308.559       308.559        308.56        308.56        308.56        308.56        308.56        308.56        308.56        308.56        308.56        308.56        308.56        308.56        308.56        308.56        308.56        308.56        308.56       308.559        308.56        308.56        308.56        308.56        308.56        308.56        308.56        308.56        308.56        308.56        308.56        308.56        308.56       308.559       308.559        308.56       308.559       308.559        308.56       308.559       308.559        308.56       308.559       308.559        308.56       308.559       308.559
            6       308.213       308.525       308.559         307.5       308.119       308.556       303.119       303.439       308.044       303.119       303.439       308.044         307.5       308.119       308.556       308.213       308.525       308.559       308.503       308.559        308.56        308.56        308.56        308.56        308.56        308.56        308.56       308.559       308.559       308.559       308.559       308.559       308.559        308.56        308.56        308.56        308.56        308.56        308.56        308.56        308.56        308.56        308.56        308.56        308.56        308.56        308.56        308.56        308.56        308.56       308.559        308.56        308.56        308.56        308.56        308.56        308.56        308.56        308.56        308.56        308.56        308.56        308.56        308.56       308.559       308.559        308.56       308.559       308.559        308.56       308.559       308.559        308.56       308.559       308.559        308.56       308.559       308.559
            7        308.02        308.51       308.559       306.752       307.553       308.555        301.35       301.574       307.328        301.35       301.574       307.328       306.752       307.553       308.555        308.02        308.51       308.559       308.479       308.558        308.56        308.56        308.56        308.56        308.56        308.56        308.56       308.556       308.558       308.559       308.556       308.558       308.559        308.56        308.56        308.56        308.56        308.56        308.56        308.56        308.56        308.56        308.56        308.56        308.56        308.56        308.56        308.56        308.56        308.56       308.559        308.56        308.56        308.56        308.56        308.56        308.56        308.56        308.56        308.56        308.56        308.56        308.56        308.56       308.559       308.559        308.56       308.559       308.558        308.56       308.559       308.559        308.56       308.559       308.559        308.56       308.559       308.559
            8        307.82       308.501       308.559       305.881       306.747       308.553       299.461       299.594       306.164       299.461       299.594       306.164       305.881       306.747       308.553        307.82       308.501       308.559       308.461       308.558       308.559        308.56        308.56        308.56        308.56        308.56        308.56        308.55       308.554       308.559        308.55       308.554       308.559        308.56        308.56        308.56        308.56        308.56        308.56        308.56        308.56        308.56        308.56        308.56        308.56        308.56        308.56        308.56        308.56        308.56       308.559        308.56        308.56        308.56        308.56        308.56        308.56        308.56        308.56        308.56        308.56        308.56        308.56        308.56       308.559       308.559        308.56       308.559       308.558        308.56       308.559       308.559        308.56       308.559       308.559        308.56       308.559       308.559
            9       307.627       308.484       308.558       304.972       305.796       308.549       297.505        297.59        304.66       297.505        297.59        304.66       304.972       305.796       308.549       307.627       308.484       308.558       308.452       308.557       308.559        308.56        308.56        308.56        308.56        308.56        308.56       308.538       308.546       308.557       308.538       308.546       308.557        308.56        308.56        308.56        308.56        308.56        308.56        308.56        308.56        308.56        308.56        308.56        308.56        308.56        308.56        308.56        308.56        308.56       308.559        308.56        308.56        308.56        308.56        308.56        308.56        308.56        308.56        308.56        308.56        308.56        308.56        308.56       308.559       308.559        308.56       308.559       308.558        308.56       308.559       308.559        308.56       308.559       308.559        308.56       308.559       308.559
           10       307.468       308.452       308.557       304.139        304.74       308.543       295.489       295.552       302.978       295.489       295.552       302.978       304.139        304.74       308.543       307.468       308.452       308.557       308.454       308.556       308.559        308.56        308.56        308.56        308.56        308.56        308.56       308.512        308.53       308.555       308.512        308.53       308.555        308.56        308.56        308.56        308.56        308.56        308.56        308.56        308.56        308.56        308.56        308.56        308.56        308.56        308.56        308.56        308.56        308.56       308.559        308.56        308.56        308.56        308.56        308.56        308.56        308.56        308.56        308.56        308.56        308.56        308.56        308.56       308.559       308.559        308.56       308.559       308.558        308.56       308.559       308.559        308.56       308.559       308.559        308.56       308.559       308.559
           11       307.377       308.403       308.556       303.562        303.84       308.533       293.419       293.499       301.298       293.419       293.499       301.298       303.562        303.84       308.533       307.377       308.403       308.556        308.47       308.555       308.558        308.56        308.56        308.56        308.56        308.56        308.56       308.464       308.496        308.55       308.464       308.496        308.55        308.56        308.56        308.56        308.56        308.56        308.56        308.56        308.56        308.56        308.56        308.56        308.56        308.56        308.56        308.56        308.56        308.56       308.559        308.56        308.56        308.56        308.56        308.56        308.56        308.56        308.56        308.56        308.56        308.56        308.56        308.56       308.559       308.559        308.56       308.559       308.558        308.56       308.559       308.559        308.56       308.559       308.559        308.56       308.559       308.559
           12        307.33       308.342       308.554        303.22       303.343       308.514       291.319        291.47        299.66       291.319        291.47        299.66        303.22       303.343       308.514        307.33       308.342       308.554       308.492       308.553       308.557        308.56        308.56        308.56        308.56        308.56        308.56       308.382       308.436       308.542       308.382       308.436       308.542        308.56        308.56        308.56        308.56        308.56        308.56        308.56        308.56        308.56        308.56        308.56        308.56        308.56        308.56        308.56        308.56        308.56       308.559        308.56        308.56        308.56        308.56        308.56        308.56        308.56        308.56        308.56        308.56        308.56        308.56        308.56       308.559       308.559        308.56       308.559       308.558        308.56       308.559       308.559        308.56       308.559       308.559        308.56       308.559       308.559
           13         307.3       308.283       308.551       302.988       303.093       308.482       289.257        289.53       298.101       289.257        289.53       298.101       302.988       303.093       308.482         307.3       308.283       308.551       308.512       308.552       308.556        308.56        308.56        308.56       308.559       308.559        308.56        308.25       308.332       308.529        308.25       308.332       308.529       308.559       308.559        308.56        308.56        308.56        308.56        308.56        308.56        308.56        308.56        308.56        308.56        308.56        308.56        308.56        308.56        308.56       308.559        308.56        308.56        308.56        308.56        308.56        308.56        308.56        308.56        308.56        308.56        308.56        308.56        308.56       308.559       308.559        308.56       308.559       308.558        308.56       308.559       308.559        308.56       308.559       308.559        308.56       308.559       308.559
           14       307.302       308.223       308.547       302.763       302.929       308.426       287.306       287.763       296.686       287.306       287.763       296.686       302.763       302.929       308.426       307.302       308.223       308.547       308.525       308.551       308.555       308.561        308.56        308.56       308.558       308.559        308.56       308.048       308.166       308.508       308.048       308.166       308.508       308.558       308.559        308.56        308.56        308.56        308.56        308.56        308.56        308.56        308.56        308.56        308.56        308.56        308.56        308.56        308.56        308.56       308.559        308.56        308.56        308.56        308.56        308.56        308.56        308.56        308.56        308.56        308.56        308.56        308.56        308.56       308.559       308.559        308.56       308.559       308.558        308.56       308.559       308.559        308.56       308.559       308.559        308.56       308.559       308.559
           15       307.354       308.177       308.543       302.513       302.789       308.343       285.542       286.252       295.383       285.542       286.252       295.383       302.513       302.789       308.343       307.354       308.177       308.543       308.534       308.549       308.553       308.561        308.56        308.56       308.556       308.559        308.56       307.751        307.91       308.477       307.751        307.91       308.477       308.556       308.559        308.56        308.56        308.56        308.56        308.56        308.56       308.559        308.56        308.56        308.56        308.56        308.56        308.56        308.56        308.56       308.559        308.56        308.56        308.56        308.56        308.56        308.56        308.56        308.56        308.56        308.56        308.56        308.56        308.56       308.559       308.559        308.56       308.559       308.558        308.56       308.559       308.559        308.56       308.559       308.559        308.56       308.559       308.559
           16       307.457       308.162       308.539       302.254       302.702       308.239       284.022       285.047        294.32       284.022       285.047        294.32       302.254       302.702       308.239       307.457       308.162       308.539       308.539       308.548       308.552       308.561        308.56        308.56       308.552       308.558       308.559       307.335       307.537       308.434       307.335       307.537       308.434       308.552       308.558       308.559        308.56        308.56        308.56        308.56        308.56       308.559       308.561        308.56        308.56        308.56        308.56        308.56        308.56        308.56       308.559        308.56        308.56        308.56       308.561        308.56        308.56       308.561        308.56        308.56       308.561        308.56        308.56        308.56       308.559       308.559        308.56       308.559       308.558        308.56       308.559       308.559        308.56       308.559       308.559        308.56       308.559       308.559
           17       307.598       308.185       308.536       302.037       302.713       308.121       282.772       284.152       293.597       282.772       284.152       293.597       302.037       302.713       308.121       307.598       308.185       308.536       308.542       308.547        308.55       308.561        308.56        308.56       308.546       308.556       308.559       306.775       307.019       308.376       306.775       307.019       308.376       308.546       308.556       308.559        308.56        308.56       308.559        308.56       308.559       308.559       308.561        308.56        308.56       308.561        308.56        308.56        308.56        308.56        308.56        308.56        308.56        308.56       308.561        308.56        308.56       308.561        308.56        308.56       308.561        308.56        308.56        308.56       308.559       308.559        308.56       308.559       308.558        308.56       308.559       308.559        308.56       308.559       308.559        308.56       308.559       308.559
           18       307.776       308.243       308.535       301.878       302.816       307.985       281.775       283.528        293.24       281.775       283.528        293.24       301.878       302.816       307.985       307.776       308.243       308.535       308.543       308.546       308.548        308.56        308.56        308.56       308.538       308.554       308.559       306.047       306.333       308.303       306.047       306.333       308.303       308.538       308.554       308.559        308.56        308.56       308.559        308.56       308.559       308.559       308.561        308.56        308.56       308.561        308.56        308.56        308.56        308.56        308.56        308.56        308.56        308.56       308.561        308.56        308.56       308.561        308.56        308.56       308.561        308.56        308.56        308.56       308.559       308.559        308.56       308.559       308.559        308.56       308.559       308.559        308.56       308.559       308.559        308.56       308.559       308.559
           19        307.95       308.314       308.534       301.781       302.988        307.84       280.978       283.107       293.172       280.978       283.107       293.172       301.781       302.988        307.84        307.95       308.314       308.534       308.543       308.545       308.547        308.56        308.56       308.559       308.524        308.55       308.559       305.132       305.465       308.215       305.132       305.465       308.215       308.524        308.55       308.559        308.56       308.559       308.559        308.56       308.559       308.559       308.561        308.56        308.56       308.561        308.56        308.56        308.56        308.56        308.56        308.56        308.56        308.56       308.561        308.56        308.56       308.561        308.56        308.56       308.561        308.56        308.56        308.56       308.559       308.559        308.56       308.559       308.559        308.56       308.559       308.559        308.56       308.559       308.559        308.56       308.559       308.559
           20       308.098       308.367       308.534       301.734       303.213       307.733       280.304       282.807        293.32       280.304       282.807        293.32       301.734       303.213       307.733       308.098       308.367       308.534       308.543       308.544       308.545        308.56        308.56       308.559       308.505       308.544       308.558       304.021       304.422       308.113       304.021       304.422       308.113       308.505       308.544       308.558        308.56       308.559       308.559       308.559       308.559       308.558       308.561        308.56        308.56       308.561        308.56        308.56        308.56        308.56        308.56        308.56        308.56        308.56       308.561        308.56        308.56       308.561        308.56        308.56       308.561        308.56        308.56        308.56       308.559       308.559        308.56       308.559       308.559        308.56       308.559       308.559        308.56       308.559       308.559        308.56       308.559       308.559
           21       308.184       308.405       308.535       301.721       303.459       307.715       279.674       282.549       293.583       279.674       282.549       293.583       301.721       303.459       307.715       308.184       308.405       308.535       308.543       308.543       308.543        308.56       308.559       308.559       308.477       308.535       308.557       302.729        303.23       307.999       302.729        303.23       307.999       308.477       308.535       308.557        308.56       308.559       308.559       308.559       308.558       308.558       308.561        308.56        308.56       308.561        308.56        308.56        308.56        308.56        308.56        308.56        308.56        308.56       308.561        308.56        308.56       308.561        308.56        308.56       308.561        308.56        308.56        308.56       308.559       308.559        308.56       308.559       308.559        308.56       308.559       308.559        308.56        308.56       308.559        308.56        308.56       308.559
           22       308.242       308.433       308.535       301.718       303.707       307.811       279.011       282.266       293.919       279.011       282.266       293.919       301.718       303.707       307.811       308.242       308.433       308.535       308.542       308.541       308.541        308.56       308.559       308.559       308.437       308.522       308.555       301.298       301.936       307.874       301.298       301.936       307.874       308.437       308.522       308.555       308.559       308.559       308.558       308.559       308.558       308.557       308.561        308.56        308.56       308.561        308.56        308.56        308.56        308.56        308.56        308.56        308.56        308.56       308.561        308.56        308.56       308.561        308.56        308.56       308.561        308.56        308.56        308.56       308.559       308.559        308.56       308.559       308.559        308.56        308.56       308.559        308.56        308.56       308.559        308.56        308.56       308.559
           23       308.282       308.451       308.535       301.688       303.945       307.967       278.256       281.911       294.334       278.256       281.911       294.334       301.688       303.945       307.967       308.282       308.451       308.535       308.541        308.54        308.54        308.56       308.559       308.559        308.38       308.503       308.553       299.783       300.612       307.735       299.783       300.612       307.735        308.38       308.503       308.553       308.559       308.558       308.558       308.558       308.557       308.556       308.561        308.56        308.56        308.56        308.56        308.56        308.56        308.56        308.56        308.56        308.56        308.56       308.561        308.56        308.56       308.561        308.56        308.56        308.56        308.56        308.56        308.56        308.56       308.559        308.56       308.559       308.559        308.56        308.56       308.559        308.56        308.56       308.559        308.56        308.56       308.559
           24       308.292       308.464       308.535       301.578       304.168       308.066        277.37        281.46       294.812        277.37        281.46       294.812       301.578       304.168       308.066       308.292       308.464       308.535        308.54       308.539       308.539       308.559       308.559       308.558       308.301       308.474        308.55       298.254        299.33       307.579       298.254        299.33       307.579       308.301       308.474        308.55       308.559       308.558       308.557       308.557       308.556       308.556       308.561        308.56        308.56        308.56        308.56        308.56        308.56        308.56        308.56        308.56        308.56        308.56       308.561        308.56        308.56       308.561        308.56        308.56        308.56        308.56        308.56        308.56        308.56       308.559        308.56       308.559       308.559        308.56        308.56       308.559        308.56        308.56       308.559        308.56        308.56       308.559
           25       308.324       308.478       308.535       301.376       304.356       308.197       276.339       280.912       295.358       276.339       280.912       295.358       301.376       304.356       308.197       308.324       308.478       308.535       308.539       308.538       308.537       308.559       308.558       308.558       308.191       308.432       308.546       296.786       298.154         307.4       296.786       298.154         307.4       308.191       308.432       308.546       308.558       308.557       308.556       308.557       308.555       308.554        308.56        308.56        308.56        308.56        308.56        308.56        308.56        308.56        308.56        308.56        308.56        308.56        308.56        308.56        308.56        308.56        308.56        308.56        308.56        308.56        308.56        308.56        308.56       308.559        308.56       308.559       308.559        308.56        308.56       308.559        308.56        308.56       308.559        308.56        308.56       308.559
           26       308.309        308.48       308.535       301.068       304.511       308.247       275.169       280.281        295.96       275.169       280.281        295.96       301.068       304.511       308.247       308.309        308.48       308.535       308.538       308.537       308.537       308.558       308.558       308.557        308.05       308.374       308.542       295.447       297.136       307.189       295.447       297.136       307.189        308.05       308.374       308.542       308.558       308.556       308.555       308.556       308.554       308.553        308.56        308.56        308.56        308.56        308.56        308.56        308.56        308.56        308.56        308.56        308.56        308.56        308.56        308.56        308.56        308.56        308.56        308.56        308.56        308.56        308.56        308.56        308.56       308.559        308.56       308.559       308.559        308.56        308.56       308.559        308.56        308.56       308.559        308.56        308.56       308.559
           27       308.319       308.491       308.535       300.654       304.627       308.338       273.882       279.596       296.678       273.882       279.596       296.678       300.654       304.627       308.338       308.319       308.491       308.535       308.537       308.536       308.537       308.558       308.557       308.556       307.878       308.298       308.536       294.288       296.304       306.933       294.288       296.304       306.933       307.878       308.298       308.536       308.557       308.554       308.554       308.554       308.552       308.552        308.56        308.56        308.56        308.56        308.56        308.56        308.56        308.56        308.56        308.56        308.56        308.56        308.56        308.56        308.56        308.56        308.56        308.56        308.56        308.56        308.56        308.56        308.56       308.559        308.56       308.559       308.559        308.56        308.56       308.559        308.56        308.56       308.559        308.56        308.56       308.559
           28       308.311       308.496       308.535       300.146        304.71       308.391        272.51       278.893       297.522        272.51       278.893       297.522       300.146        304.71       308.391       308.311       308.496       308.535       308.537       308.536       308.537       308.557       308.556       308.555       307.675       308.202       308.529       293.342       295.664       306.625       293.342       295.664       306.625       307.675       308.202       308.529       308.555       308.553       308.553       308.553       308.551        308.55        308.56        308.56        308.56        308.56        308.56        308.56        308.56        308.56        308.56        308.56        308.56        308.56        308.56        308.56        308.56        308.56        308.56        308.56        308.56        308.56        308.56        308.56        308.56       308.559        308.56        308.56       308.559        308.56        308.56       308.559        308.56        308.56       308.559        308.56        308.56       308.559
           29       308.301       308.498       308.535       299.562       304.773       308.425       271.091        278.21       298.486       271.091        278.21       298.486       299.562       304.773       308.425       308.301       308.498       308.535       308.536       308.536       308.537       308.556       308.554       308.554       307.436       308.081        308.52       292.617         295.2       306.263       292.617         295.2       306.263       307.436       308.081        308.52       308.554       308.552       308.551       308.552       308.549       308.549        308.56        308.56        308.56        308.56        308.56        308.56        308.56        308.56        308.56        308.56        308.56        308.56        308.56        308.56        308.56        308.56        308.56        308.56        308.56        308.56        308.56        308.56        308.56       308.559        308.56        308.56       308.559        308.56        308.56       308.559        308.56        308.56       308.559        308.56        308.56       308.559
           30       308.289       308.501       308.536       298.924        304.83       308.447        269.66       277.576       299.538        269.66       277.576       299.538       298.924        304.83       308.447       308.289       308.501       308.536       308.536       308.536       308.537       308.554       308.553       308.552       307.156       307.931       308.509       292.105        294.88       305.851       292.105        294.88       305.851       307.156       307.931       308.509       308.553        308.55        308.55        308.55       308.548       308.547        308.56        308.56        308.56        308.56        308.56        308.56        308.56        308.56        308.56        308.56        308.56        308.56        308.56        308.56        308.56        308.56        308.56        308.56        308.56        308.56        308.56        308.56        308.56       308.559        308.56        308.56       308.559        308.56        308.56       308.559        308.56        308.56       308.559        308.56        308.56       308.559
           31       308.279       308.503       308.536       298.258       304.894       308.462       268.248       277.009       300.653       268.248       277.009       300.653       298.258       304.894       308.462       308.279       308.503       308.536       308.536       308.536       308.537       308.553       308.551       308.551       306.829       307.749       308.496        291.78       294.676       305.409        291.78       294.676       305.409       306.829       307.749       308.496       308.552       308.549       308.548       308.549       308.547       308.546        308.56        308.56        308.56        308.56        308.56        308.56        308.56        308.56        308.56        308.56        308.56        308.56        308.56        308.56        308.56        308.56        308.56        308.56        308.56        308.56        308.56        308.56        308.56       308.559        308.56        308.56       308.559        308.56        308.56       308.559        308.56        308.56       308.559        308.56        308.56       308.559
           32       308.269       308.504       308.537       297.591       304.965       308.474       266.878       276.514       301.782       266.878       276.514       301.782       297.591       304.965       308.474       308.269       308.504       308.537       308.536       308.536       308.538       308.551       308.549       308.549       306.458       307.538       308.482       291.604       294.559       304.952       291.604       294.559       304.952       306.458       307.538       308.482        308.55       308.547       308.547       308.548       308.546       308.545        308.56        308.56        308.56        308.56        308.56        308.56        308.56        308.56        308.56        308.56        308.56        308.56        308.56        308.56        308.56        308.56        308.56        308.56        308.56        308.56        308.56        308.56        308.56       308.559        308.56        308.56       308.559        308.56        308.56       308.559        308.56        308.56       308.559        308.56        308.56       308.559
           33       308.261       308.505       308.537       296.943       305.038       308.481       265.568       276.099       302.871       265.568       276.099       302.871       296.943       305.038       308.481       308.261       308.505       308.537       308.536       308.537       308.539        308.55       308.548       308.548       306.055       307.321       308.468       291.531       294.504       304.506       291.531       294.504       304.506       306.055       307.321       308.468       308.549       308.546       308.545       308.547       308.545       308.544        308.56        308.56        308.56        308.56        308.56        308.56        308.56        308.56        308.56        308.56        308.56        308.56        308.56        308.56        308.56        308.56        308.56        308.56        308.56        308.56        308.56        308.56        308.56       308.559        308.56        308.56       308.559        308.56        308.56       308.559        308.56        308.56       308.559        308.56        308.56       308.559
           34       308.252       308.506       308.538       296.326       305.105       308.486       264.334       275.773       303.866       264.334       275.773       303.866       296.326       305.105       308.486       308.252       308.506       308.538       308.537       308.538        308.54       308.548       308.546       308.546       305.658       307.116       308.456       291.524       294.489       304.098       291.524       294.489       304.098       305.658       307.116       308.456       308.548       308.545       308.544       308.546       308.543       308.542        308.56        308.56        308.56        308.56        308.56        308.56        308.56        308.56        308.56        308.56        308.56        308.56        308.56        308.56        308.56        308.56        308.56        308.56        308.56        308.56        308.56        308.56        308.56       308.559        308.56        308.56       308.559        308.56        308.56       308.559        308.56        308.56       308.559        308.56        308.56       308.559
           35       308.244       308.507       308.539       295.745       305.159       308.489       263.186       275.542       304.725       263.186       275.542       304.725       295.745       305.159       308.489       308.244       308.507       308.539       308.537       308.539       308.541       308.547       308.545       308.545       305.236       306.941       308.447       291.551         294.5       303.733       291.551         294.5       303.733       305.236       306.941       308.447       308.547       308.544       308.543       308.545       308.542       308.541        308.56        308.56        308.56        308.56        308.56        308.56        308.56        308.56        308.56        308.56        308.56        308.56        308.56        308.56        308.56        308.56        308.56        308.56        308.56        308.56        308.56        308.56        308.56       308.559        308.56        308.56       308.559        308.56        308.56       308.559        308.56        308.56       308.559        308.56        308.56        308.56
           36       308.236       308.507        308.54       295.194       305.197        308.49       262.133       275.403       305.418       262.133       275.403       305.418       295.194       305.197        308.49       308.236       308.507        308.54       308.538        308.54       308.542       308.545       308.544       308.543       304.822       306.805       308.444       291.583       294.524       303.476       291.583       294.524       303.476       304.822       306.805       308.444       308.545       308.542       308.542       308.544       308.541        308.54        308.56        308.56        308.56        308.56        308.56        308.56        308.56        308.56        308.56        308.56        308.56        308.56        308.56        308.56        308.56        308.56        308.56        308.56        308.56        308.56        308.56        308.56        308.56        308.56        308.56        308.56       308.559        308.56        308.56        308.56        308.56        308.56        308.56        308.56        308.56        308.56
           37       308.228       308.508        308.54       294.667       305.216       308.492       261.177       275.349       305.933       261.177       275.349       305.933       294.667       305.216       308.492       308.228       308.508        308.54       308.539       308.541       308.543       308.544       308.543       308.542       304.447       306.713       308.448       291.599       294.552       303.362       291.599       294.552       303.362       304.447       306.713       308.448       308.544       308.541       308.541       308.542        308.54        308.54        308.56        308.56        308.56        308.56        308.56        308.56        308.56        308.56        308.56        308.56        308.56        308.56        308.56        308.56        308.56        308.56        308.56        308.56        308.56        308.56        308.56        308.56        308.56        308.56        308.56        308.56       308.559        308.56        308.56        308.56        308.56        308.56        308.56        308.56        308.56        308.56
           38       308.217       308.508       308.541       294.156       305.213       308.493       260.314       275.367       306.297       260.314       275.367       306.297       294.156       305.213       308.493       308.217       308.508       308.541       308.539       308.542       308.544       308.543       308.541       308.541       304.126       306.666       308.455       291.583       294.576       303.367       291.583       294.576       303.367       304.126       306.666       308.455       308.543        308.54        308.54       308.541       308.539       308.539        308.56        308.56       308.561        308.56        308.56       308.561       308.559       308.559        308.56        308.56        308.56        308.56        308.56        308.56       308.561        308.56        308.56       308.561        308.56        308.56        308.56        308.56        308.56        308.56        308.56        308.56        308.56        308.56        308.56        308.56        308.56        308.56        308.56        308.56        308.56        308.56
           39       308.206       308.508       308.542       293.652        305.19       308.494       259.538       275.445       306.554       259.538       275.445       306.554       293.652        305.19       308.494       308.206       308.508       308.542        308.54       308.543       308.545       308.542       308.541        308.54       303.865       306.654       308.461       291.524       294.591       303.454       291.524       294.591       303.454       303.865       306.654       308.461       308.542       308.539       308.539        308.54       308.538       308.539        308.56        308.56       308.561        308.56        308.56       308.561       308.559       308.559       308.559        308.56        308.56       308.561        308.56        308.56       308.561        308.56        308.56       308.561        308.56        308.56       308.561        308.56        308.56        308.56        308.56        308.56        308.56        308.56        308.56        308.56        308.56        308.56        308.56        308.56        308.56        308.56
           40       308.194       308.508       308.543       293.145       305.151       308.495       258.842       275.567       306.739       258.842       275.567       306.739       293.145       305.151       308.495       308.194       308.508       308.543       308.541       308.543       308.546       308.541        308.54       308.539       303.663       306.674       308.465       291.413       294.594       303.598       291.413       294.594       303.598       303.663       306.674       308.465       308.541       308.539       308.539        308.54       308.538       308.539        308.56        308.56       308.561        308.56        308.56       308.561       308.558       308.558       308.559        308.56        308.56       308.561        308.56        308.56       308.561        308.56        308.56       308.561        308.56        308.56       308.561        308.56        308.56        308.56        308.56        308.56        308.56        308.56        308.56        308.56        308.56        308.56        308.56        308.56        308.56        308.56
           41        308.18       308.508       308.544        292.63       305.099       308.496       258.215        275.72       306.878       258.215        275.72       306.878        292.63       305.099       308.496        308.18       308.508       308.544       308.542       308.544       308.546        308.54       308.539       308.539       303.509       306.718       308.472       291.248        294.58       303.765       291.248        294.58       303.765       303.509       306.718       308.472        308.54       308.538       308.539       308.539       308.538       308.539        308.56        308.56       308.561        308.56        308.56       308.561       308.557       308.557       308.558        308.56        308.56       308.561        308.56        308.56       308.561        308.56        308.56       308.561        308.56        308.56       308.561        308.56        308.56        308.56        308.56        308.56        308.56        308.56        308.56        308.56        308.56        308.56        308.56        308.56        308.56        308.56
           42       308.165       308.507       308.545       292.104       305.036       308.497       257.648       275.892       306.988       257.648       275.892       306.988       292.104       305.036       308.497       308.165       308.507       308.545       308.542       308.545       308.547       308.539       308.539       308.539       303.393       306.778       308.476       291.029       294.551       303.956       291.029       294.551       303.956       303.393       306.778       308.476        308.54       308.538       308.539       308.539       308.538       308.539        308.56        308.56       308.561        308.56        308.56       308.561       308.556       308.555       308.557        308.56        308.56       308.561        308.56        308.56       308.561        308.56        308.56       308.561        308.56        308.56       308.561        308.56        308.56        308.56        308.56        308.56        308.56        308.56        308.56        308.56        308.56        308.56        308.56        308.56        308.56        308.56
           43       308.148       308.507       308.545        291.57       304.967       308.497       257.135       276.073       307.077       257.135       276.073       307.077        291.57       304.967       308.497       308.148       308.507       308.545       308.543       308.545       308.547       308.538       308.538       308.539       303.298       306.841       308.482       290.761       294.512       304.183       290.761       294.512       304.183       303.298       306.841       308.482       308.539       308.538       308.539       308.539       308.538       308.539        308.56        308.56       308.561        308.56        308.56       308.561       308.553       308.552       308.556        308.56        308.56       308.561        308.56        308.56       308.561        308.56        308.56       308.561        308.56        308.56       308.561        308.56        308.56        308.56        308.56        308.56        308.56        308.56        308.56        308.56        308.56        308.56        308.56        308.56        308.56        308.56
           44       308.132       308.507       308.546       291.031       304.893       308.498       256.666       276.257       307.152       256.666       276.257       307.152       291.031       304.893       308.498       308.132       308.507       308.546       308.544       308.546       308.548       308.538       308.538       308.539       303.215       306.898       308.489       290.453       294.473        304.45       290.453       294.473        304.45       303.215       306.898       308.489       308.539       308.538       308.539       308.539       308.538        308.54        308.56        308.56       308.561        308.56        308.56       308.561        308.55       308.548       308.553        308.56        308.56       308.561        308.56        308.56       308.561        308.56        308.56       308.561        308.56        308.56       308.561        308.56        308.56        308.56        308.56        308.56        308.56        308.56        308.56        308.56        308.56        308.56        308.56        308.56        308.56        308.56
           45       308.114       308.506       308.546       290.492       304.817       308.499       256.238       276.436       307.215       256.238       276.436       307.215       290.492       304.817       308.499       308.114       308.506       308.546       308.544       308.546       308.548       308.538       308.538       308.539       303.134       306.942       308.492       290.118       294.442       304.744       290.118       294.442       304.744       303.134       306.942       308.492       308.539       308.539        308.54       308.539       308.539        308.54        308.56        308.56       308.561        308.56        308.56       308.561       308.545       308.542        308.55        308.56        308.56       308.561        308.56        308.56       308.561        308.56        308.56       308.561        308.56        308.56       308.561        308.56        308.56        308.56        308.56        308.56        308.56        308.56        308.56        308.56        308.56        308.56        308.56        308.56        308.56       308.561
           46       308.097       308.506       308.547        289.96        304.74       308.499       255.846        276.61       307.268       255.846        276.61       307.268        289.96        304.74       308.499       308.097       308.506       308.547       308.545       308.547       308.548       308.538       308.538        308.54       303.047       306.976       308.497       289.767       294.424       305.051       289.767       294.424       305.051       303.047       306.976       308.497       308.539       308.539        308.54       308.539       308.539       308.541        308.56        308.56       308.561        308.56        308.56       308.561       308.538       308.534       308.545        308.56        308.56       308.561        308.56        308.56       308.561        308.56        308.56       308.561        308.56        308.56       308.561        308.56        308.56       308.561        308.56        308.56        308.56        308.56        308.56       308.561        308.56        308.56       308.561        308.56        308.56       308.561
           47       308.079       308.505       308.547        289.44       304.662         308.5       255.489       276.775       307.314       255.489       276.775       307.314        289.44       304.662         308.5       308.079       308.505       308.547       308.545       308.547       308.549       308.538       308.539        308.54       302.955       307.004       308.496       289.412        294.42       305.353       289.412        294.42       305.353       302.955       307.004       308.496       308.539       308.539       308.541       308.539        308.54       308.542        308.56        308.56       308.561        308.56       308.561       308.561       308.528       308.523       308.539        308.56        308.56       308.561        308.56       308.561       308.561        308.56        308.56       308.561        308.56        308.56       308.561        308.56        308.56       308.561        308.56        308.56       308.561        308.56        308.56       308.561        308.56        308.56       308.561        308.56        308.56       308.561
           48        308.06       308.505       308.548       288.936       304.584         308.5       255.164       276.929       307.352       255.164       276.929       307.352       288.936       304.584         308.5        308.06       308.505       308.548       308.545       308.548       308.549       308.538       308.539        308.54        302.86       307.026         308.5       289.062       294.432       305.636       289.062       294.432       305.636        302.86       307.026         308.5       308.539        308.54       308.542        308.54        308.54       308.542        308.56        308.56       308.561        308.56       308.561       308.561       308.514       308.508       308.531       308.559       308.559        308.56        308.56       308.561       308.561        308.56        308.56       308.561        308.56        308.56       308.561        308.56        308.56       308.561        308.56        308.56       308.561        308.56        308.56       308.561        308.56        308.56       308.561        308.56        308.56       308.561
           49       308.042       308.504       308.548       288.451       304.508       308.501        254.87       277.074       307.384        254.87       277.074       307.384       288.451       304.508       308.501       308.042       308.504       308.548       308.546       308.548       308.549       308.539       308.539       308.541       302.769       307.041       308.502       288.728        294.46       305.886       288.728        294.46       305.886       302.769       307.041       308.502        308.54        308.54       308.543        308.54       308.541       308.543        308.56        308.56       308.561        308.56       308.561       308.562       308.495       308.487        308.52       308.559       308.558        308.56        308.56       308.561       308.562        308.56        308.56       308.561        308.56        308.56       308.561        308.56        308.56       308.561        308.56        308.56       308.561        308.56        308.56       308.561        308.56        308.56       308.561        308.56        308.56       308.561
           50       308.025       308.503       308.548       287.985       304.434       308.501       254.605       277.208       307.411       254.605       277.208       307.411       287.985       304.434       308.501       308.025       308.503       308.548       308.546       308.548       308.549       308.539        308.54       308.542       302.685        307.05       308.503       288.414       294.502       306.098       288.414       294.502       306.098       302.685        307.05       308.503        308.54       308.541       308.543       308.541       308.542       308.544        308.56        308.56       308.562        308.56       308.561       308.562       308.469       308.459       308.505       308.557       308.557       308.559        308.56       308.561       308.562        308.56        308.56       308.561        308.56        308.56       308.561        308.56        308.56       308.561        308.56        308.56       308.561        308.56        308.56       308.561        308.56        308.56       308.561        308.56        308.56       308.561
           51       308.007       308.502       308.548       287.541       304.362       308.501       254.368       277.332       307.434       254.368       277.332       307.434       287.541       304.362       308.501       308.007       308.502       308.548       308.546       308.548       308.549        308.54        308.54       308.542       302.613       307.056       308.504       288.126       294.554       306.269       288.126       294.554       306.269       302.613       307.056       308.504       308.541       308.542       308.544       308.541       308.542       308.545        308.56        308.56       308.562        308.56       308.561       308.562       308.435       308.424       308.488       308.556       308.555       308.557        308.56       308.561       308.562        308.56        308.56       308.561        308.56        308.56       308.561        308.56        308.56       308.561        308.56        308.56       308.561        308.56        308.56       308.561        308.56        308.56       308.561        308.56        308.56       308.561
           52        307.99       308.502       308.549       287.119       304.294       308.501       254.157       277.447       307.455       254.157       277.447       307.455       287.119       304.294       308.501        307.99       308.502       308.549       308.547       308.548        308.55        308.54       308.541       308.543       302.557       307.059       308.505       287.867       294.613       306.402       287.867       294.613       306.402       302.557       307.059       308.505       308.542       308.543       308.545       308.542       308.543       308.545        308.56        308.56       308.562        308.56       308.561       308.562       308.389       308.378       308.465       308.553       308.551       308.555        308.56       308.561       308.562        308.56        308.56       308.561        308.56        308.56       308.561        308.56        308.56       308.561        308.56        308.56       308.561        308.56        308.56       308.561        308.56        308.56       308.561        308.56        308.56       308.562
           53       307.973       308.501       308.549       286.721       304.226       308.501        253.97       277.553       307.472        253.97       277.553       307.472       286.721       304.226       308.501       307.973       308.501       308.549       308.547       308.549        308.55        308.54       308.542       308.544       302.518       307.062       308.506       287.638       294.674       306.502       287.638       294.674       306.502       302.518       307.062       308.506       308.542       308.543       308.545       308.543       308.544       308.546        308.56        308.56       308.562        308.56       308.561       308.562        308.33       308.319       308.438       308.548       308.545       308.552        308.56       308.561       308.562        308.56        308.56       308.562        308.56        308.56       308.561        308.56        308.56       308.561        308.56        308.56       308.561        308.56        308.56       308.561        308.56        308.56       308.562        308.56        308.56       308.562
           54       307.956         308.5       308.549       286.346        304.16       308.501       253.804       277.651       307.488       253.804       277.651       307.488       286.346        304.16       308.501       307.956         308.5       308.549       308.547       308.549        308.55       308.541       308.542       308.544       302.493       307.064       308.507       287.439       294.734       306.575       287.439       294.734       306.575       302.493       307.064       308.507       308.543       308.544       308.546       308.543       308.544       308.546        308.56        308.56       308.562        308.56       308.561       308.562       308.255       308.248       308.406       308.541       308.536       308.547        308.56       308.561       308.562        308.56        308.56       308.562       308.559        308.56        308.56        308.56        308.56       308.562        308.56        308.56       308.561        308.56        308.56       308.562        308.56        308.56       308.562        308.56        308.56       308.562
           55       307.939         308.5       308.549       285.995       304.096       308.501       253.656       277.741       307.503       253.656       277.741       307.503       285.995       304.096       308.501       307.939         308.5       308.549       308.547       308.549        308.55       308.541       308.543       308.545       302.482       307.067       308.507       287.268        294.79       306.627       287.268        294.79       306.627       302.482       307.067       308.507       308.544       308.545       308.546       308.544       308.545       308.547        308.56        308.56       308.562        308.56       308.561       308.562        308.16        308.16       308.367        308.53       308.522        308.54        308.56       308.561       308.562        308.56        308.56       308.562       308.559       308.559        308.56        308.56        308.56       308.562        308.56        308.56       308.562        308.56        308.56       308.562        308.56        308.56       308.562        308.56        308.56       308.562
           56       307.922       308.499       308.549       285.666        304.03       308.502       253.526       277.825       307.516       253.526       277.825       307.516       285.666        304.03       308.502       307.922       308.499       308.549       308.547       308.549        308.55       308.542       308.544       308.546       302.478        307.07       308.508       287.121        294.84       306.665       287.121        294.84       306.665       302.478        307.07       308.508       308.544       308.545       308.547       308.545       308.546       308.547        308.56        308.56       308.562        308.56       308.561       308.562       308.043       308.056       308.323       308.512       308.502       308.529        308.56        308.56       308.562        308.56        308.56       308.561       308.559       308.559        308.56        308.56       308.561       308.562        308.56        308.56       308.562        308.56       308.561       308.562        308.56       308.561       308.562        308.56       308.561       308.562
           57       307.906       308.498       308.549       285.359       303.966       308.502       253.411       277.903       307.529       253.411       277.903       307.529       285.359       303.966       308.502       307.906       308.498       308.549       308.547       308.549        308.55       308.543       308.544       308.546       302.479       307.072       308.509       286.994       294.882       306.691       286.994       294.882       306.691       302.479       307.072       308.509       308.545       308.546       308.547       308.545       308.546       308.548        308.56        308.56       308.561        308.56        308.56       308.562       307.901       307.934       308.273       308.486       308.471       308.514        308.56        308.56       308.562        308.56        308.56       308.561       308.559       308.559       308.559        308.56       308.561       308.562        308.56        308.56       308.562        308.56       308.561       308.562        308.56       308.561       308.562        308.56       308.561       308.562
           58        307.89       308.497       308.549        285.07       303.904       308.502       253.308       277.976        307.54       253.308       277.976        307.54        285.07       303.904       308.502        307.89       308.497       308.549       308.547       308.549        308.55       308.543       308.545       308.547        302.48       307.072       308.509       286.883       294.915       306.712       286.883       294.915       306.712        302.48       307.072       308.509       308.545       308.546       308.548       308.546       308.546       308.548        308.56        308.56       308.561        308.56        308.56       308.562       307.731       307.794       308.218       308.447       308.425       308.494        308.56        308.56       308.562        308.56        308.56       308.561       308.558       308.558       308.559        308.56       308.561       308.562        308.56        308.56       308.562        308.56       308.561       308.562        308.56       308.561       308.562        308.56       308.561       308.563
           59       307.873       308.496       308.549       284.798       303.844       308.502       253.217       278.045        307.55       253.217       278.045        307.55       284.798       303.844       308.502       307.873       308.496       308.549       308.547       308.549        308.55       308.544       308.545       308.547       302.477       307.069       308.509       286.784        294.94       306.727       286.784        294.94       306.727       302.477       307.069       308.509       308.546       308.547       308.548       308.546       308.547       308.548       308.559        308.56       308.561        308.56        308.56       308.562       307.532       307.636       308.157       308.391       308.361       308.465        308.56        308.56       308.562       308.559        308.56       308.561       308.558       308.558       308.558        308.56       308.561       308.562        308.56       308.561       308.562        308.56       308.561       308.562        308.56       308.561       308.562        308.56       308.561       308.563
           60       307.808       308.483       308.549        284.54       303.786       308.499       253.136        278.11        307.56       253.136        278.11        307.56        284.54       303.786       308.499       307.808       308.483       308.549       308.548       308.549        308.55       308.544       308.546       308.547       302.467        307.06       308.509       286.695       294.957        306.74       286.695       294.957        306.74       302.467        307.06       308.509       308.546       308.547       308.548       308.546       308.547       308.549       308.559        308.56       308.561       308.559        308.56       308.561       307.303       307.463       308.092       308.312       308.271       308.427        308.56        308.56       308.561       308.559       308.559        308.56       308.557       308.557       308.557        308.56       308.561       308.563        308.56       308.561       308.562        308.56       308.561       308.563        308.56       308.561       308.563        308.56       308.561       308.563
           61       307.802       308.488       308.549       284.294       303.731       308.502       253.064       278.171       307.568       253.064       278.171       307.568       284.294       303.731       308.502       307.802       308.488       308.549       308.548       308.549        308.55       308.544       308.546       308.548       302.447       307.048       308.509       286.613       294.967       306.751       286.613       294.967       306.751       302.447       307.048       308.509       308.546       308.547       308.549       308.547       308.547       308.549       308.559       308.559       308.561       308.559       308.559       308.561       307.044       307.276       308.023       308.202       308.151       308.378        308.56        308.56       308.561       308.559       308.559        308.56       308.557       308.556       308.556        308.56       308.561       308.563        308.56       308.561       308.563        308.56       308.561       308.563        308.56       308.561       308.563        308.56       308.561       308.563
           62       307.786       308.484       308.549       284.059       303.677       308.501       252.999       278.229       307.576       252.999       278.229       307.576       284.059       303.677       308.501       307.786       308.484       308.549       308.548       308.549        308.55       308.545       308.547       308.548       302.415        307.03       308.509       286.537       294.972        306.76       286.537       294.972        306.76       302.415        307.03       308.509       308.547       308.547       308.549       308.547       308.548       308.549       308.559       308.559        308.56       308.558       308.558        308.56       306.758       307.078       307.951       308.054       307.992       308.315       308.559        308.56       308.561       308.559       308.559       308.559       308.556       308.555       308.555        308.56       308.561       308.563        308.56       308.561       308.563        308.56       308.561       308.563        308.56       308.561       308.563        308.56       308.561       308.563
           63       307.769       308.482       308.549       283.834       303.624       308.498       252.941       278.283       307.584       252.941       278.283       307.584       283.834       303.624       308.498       307.769       308.482       308.549       308.548       308.549        308.55       308.546       308.547       308.548       302.372       307.007       308.509       286.464       294.972       306.768       286.464       294.972       306.768       302.372       307.007       308.509       308.547       308.548       308.549       308.547       308.548       308.549       308.559       308.559        308.56       308.556       308.555       308.559       306.448       306.872       307.876        307.86       307.791       308.237       308.559        308.56       308.561       308.558       308.558       308.559       308.556       308.555       308.554        308.56       308.561       308.563        308.56       308.561       308.563        308.56       308.561       308.563        308.56       308.561       308.563        308.56       308.561       308.563
           64       307.754        308.48       308.549       283.617       303.573       308.498       252.888       278.334       307.591       252.888       278.334       307.591       283.617       303.573       308.498       307.754        308.48       308.549       308.548       308.549        308.55       308.546       308.547       308.549       302.316       306.981       308.508       286.392       294.969       306.775       286.392       294.969       306.775       302.316       306.981       308.508       308.547       308.548       308.549       308.548       308.548       308.549       308.558       308.558       308.559       308.553       308.551       308.556        306.12       306.662         307.8       307.613       307.545       308.145       308.559       308.559        308.56       308.558       308.558       308.558       308.555       308.554       308.553        308.56       308.561       308.563        308.56       308.561       308.563        308.56       308.561       308.563        308.56       308.561       308.563        308.56       308.561       308.564
           65        307.74        308.48       308.549       283.409       303.522       308.499        252.84       278.381       307.597        252.84       278.381       307.597       283.409       303.522       308.499        307.74        308.48       308.549       308.548       308.549        308.55       308.546       308.548       308.549        302.25       306.951       308.507       286.324       294.963       306.781       286.324       294.963       306.781        302.25       306.951       308.507       308.548       308.548       308.549       308.548       308.548       308.549       308.558       308.558       308.559       308.547       308.544       308.553       305.779       306.452       307.722       307.309       307.256       308.038       308.559       308.559        308.56       308.558       308.557       308.557       308.554       308.552       308.552        308.56       308.561       308.563        308.56       308.561       308.563        308.56       308.561       308.563        308.56       308.561       308.563        308.56       308.561       308.564
           66       307.727       308.479       308.549       283.208       303.473       308.499       252.796       278.424       307.604       252.796       278.424       307.604       283.208       303.473       308.499       307.727       308.479       308.549       308.548       308.549        308.55       308.546       308.548       308.549       302.174       306.918       308.507        286.26       294.954       306.786        286.26       294.954       306.786       302.174       306.918       308.507       308.548       308.548       308.549       308.548       308.549       308.549       308.558       308.557       308.558       308.537       308.532       308.549       305.435       306.242       307.644       306.948       306.932        307.92       308.558       308.558       308.559       308.557       308.556       308.557       308.553       308.551       308.551        308.56       308.561       308.563        308.56       308.561       308.563        308.56       308.561       308.563        308.56       308.561       308.564        308.56       308.561       308.564
           67       307.714       308.481       308.549       283.008       303.426       308.502       252.756       278.464       307.609       252.756       278.464       307.609       283.008       303.426       308.502       307.714       308.481       308.549       308.548       308.549        308.55       308.546       308.548       308.549        302.09       306.884       308.506       286.202       294.945        306.79       286.202       294.945        306.79        302.09       306.884       308.506       308.548       308.549       308.549       308.548       308.549        308.55       308.557       308.557       308.557        308.52       308.511       308.541       305.093       306.038       307.565       306.534        306.59       307.794       308.558       308.558       308.558       308.557       308.556       308.556       308.553        308.55        308.55        308.56       308.561       308.564        308.56       308.561       308.563        308.56       308.561       308.564        308.56       308.561       308.564        308.56       308.561       308.564
           68       307.699       308.479       308.549       282.812       303.378       308.502       252.719       278.501       307.615       252.719       278.501       307.615       282.812       303.378       308.502       307.699       308.479       308.549       308.548       308.549        308.55       308.546       308.548       308.549       301.999       306.848       308.506       286.148       294.933       306.793       286.148       294.933       306.793       301.999       306.848       308.506       308.548       308.549        308.55       308.548       308.549        308.55       308.557       308.556       308.556       308.492       308.477       308.531       304.764       305.842       307.486        306.08       306.245       307.664       308.558       308.557       308.558       308.556       308.555       308.555       308.552       308.549       308.549        308.56       308.561       308.564        308.56       308.561       308.564        308.56       308.561       308.564        308.56       308.561       308.564        308.56       308.561       308.564
           69       307.683       308.474       308.549        282.62       303.331       308.502       252.686       278.536        307.62       252.686       278.536        307.62        282.62       303.331       308.502       307.683       308.474       308.549       308.548       308.549        308.55       308.546       308.548       308.549       301.905       306.812       308.505       286.098       294.921       306.796       286.098       294.921       306.796       301.905       306.812       308.505       308.548       308.549        308.55       308.549       308.549        308.55       308.556       308.555       308.555       308.448       308.423       308.515       304.454       305.656       307.406       305.607       305.912       307.536       308.557       308.557       308.557       308.555       308.554       308.554       308.551       308.549       308.548        308.56       308.561       308.564        308.56       308.561       308.564        308.56       308.561       308.564        308.56       308.561       308.564        308.56       308.561       308.565
           70         307.7       308.483       308.549       282.441       303.286       308.501       252.655       278.567       307.625       252.655       278.567       307.625       282.441       303.286       308.501         307.7       308.483       308.549       308.548       308.549        308.55       308.547       308.548       308.549       301.807       306.775       308.505       286.052       294.908       306.798       286.052       294.908       306.798       301.807       306.775       308.505       308.548       308.549        308.55       308.549       308.549        308.55       308.556       308.555       308.554       308.378       308.341       308.492        304.17       305.482       307.326       305.141       305.603       307.412       308.557       308.556       308.556       308.554       308.553       308.552        308.55       308.548       308.547        308.56       308.561       308.564        308.56       308.561       308.564        308.56       308.561       308.564        308.56       308.561       308.564        308.56       308.561       308.565
           71       307.698       308.485       308.549        282.27        303.24       308.498       252.627       278.597       307.629       252.627       278.597       307.629        282.27        303.24       308.498       307.698       308.485       308.549       308.548       308.549        308.55       308.547       308.549        308.55       301.709       306.739       308.505       286.009       294.894       306.799       286.009       294.894       306.799       301.709       306.739       308.505       308.549       308.549        308.55       308.549       308.549        308.55       308.555       308.554       308.553       308.275        308.22        308.46       303.916        305.32       307.246       304.703       305.323       307.296       308.556       308.555       308.555       308.554       308.552       308.551       308.549       308.547       308.546        308.56       308.561       308.564        308.56       308.561       308.564        308.56       308.561       308.564        308.56       308.561       308.564        308.56       308.562       308.565
           72       307.688       308.485       308.549       282.105       303.195       308.499       252.602       278.624       307.633       252.602       278.624       307.633       282.105       303.195       308.499       307.688       308.485       308.549       308.548       308.549        308.55       308.547       308.549        308.55       301.611       306.703       308.505        285.97        294.88       306.801        285.97        294.88       306.801       301.611       306.703       308.505       308.549       308.549        308.55       308.549       308.549        308.55       308.554       308.553       308.552       308.125       308.047       308.416       303.697       305.173       307.165       304.307       305.074        307.19       308.556       308.554       308.554       308.553       308.551        308.55       308.548       308.546       308.545        308.56       308.561       308.564        308.56       308.561       308.564        308.56       308.561       308.564        308.56       308.561       308.565        308.56       308.562       308.565
           73       307.636       308.474       308.549       281.941       303.151       308.502       252.579        278.65       307.637       252.579        278.65       307.637       281.941       303.151       308.502       307.636       308.474       308.549       308.548       308.549        308.55       308.547       308.549        308.55       301.515       306.669       308.504       285.934       294.866       306.802       285.934       294.866       306.802       301.515       306.669       308.504       308.549       308.549        308.55       308.549       308.549        308.55       308.554       308.552       308.551       307.918        307.81       308.357       303.514       305.041       307.085       303.964       304.859       307.092       308.555       308.553       308.552       308.552        308.55       308.549       308.548       308.545       308.545        308.56       308.562       308.565        308.56       308.561       308.564        308.56       308.562       308.565        308.56       308.562       308.565        308.56       308.562       308.565
           74       307.613       308.469       308.549       281.782       303.109       308.501       252.558       278.674       307.641       252.558       278.674       307.641       281.782       303.109       308.501       307.613       308.469       308.549       308.548       308.549        308.55       308.547       308.549        308.55       301.421       306.635       308.504       285.901       294.852       306.803       285.901       294.852       306.803       301.421       306.635       308.504       308.549       308.549        308.55       308.549       308.549        308.55       308.553       308.551       308.551       307.639       307.494       308.279       303.368       304.923       307.006       303.676        304.68       307.005       308.554       308.552       308.551       308.551       308.549       308.548       308.547       308.545       308.544        308.56       308.562       308.565        308.56       308.561       308.565        308.56       308.562       308.565        308.56       308.562       308.565        308.56       308.562       308.566
           75       307.602       308.467       308.549       281.629       303.077       308.501       252.539       278.696       307.645       252.539       278.696       307.645       281.629       303.077       308.501       307.602       308.467       308.549       308.548       308.549        308.55       308.547       308.549        308.55       301.329       306.602       308.503        285.87       294.839       306.803        285.87       294.839       306.803       301.329       306.602       308.503       308.549       308.549        308.55       308.549       308.549        308.55       308.552        308.55        308.55       307.279       307.094        308.18       303.257       304.822       306.928       303.442       304.538       306.927       308.553       308.551        308.55        308.55       308.548       308.547       308.546       308.544       308.543        308.56       308.562       308.565        308.56       308.562       308.565        308.56       308.562       308.565        308.56       308.562       308.565        308.56       308.562       308.566
           76       307.629       308.478       308.549       281.497       303.037         308.5       252.521       278.717       307.648       252.521       278.717       307.648       281.497       303.037         308.5       307.629       308.478       308.549       308.548       308.549        308.55       308.546       308.549        308.55       301.241       306.571       308.503       285.841       294.826       306.804       285.841       294.826       306.804       301.241       306.571       308.503       308.549       308.549        308.55       308.549       308.549        308.55       308.551       308.549       308.548       306.825       306.626       308.059       303.178       304.734       306.852       303.259       304.431       306.858       308.552        308.55        308.55       308.549       308.547       308.546       308.546       308.544       308.543        308.56       308.562       308.565        308.56       308.562       308.565        308.56       308.562       308.565        308.56       308.562       308.565        308.56       308.562       308.566
           77       307.629        308.48       308.549       281.365       302.997       308.498       252.505       278.737       307.651       252.505       278.737       307.651       281.365       302.997       308.498       307.629        308.48       308.549       308.548       308.549        308.55       308.546       308.549        308.55       301.155        306.54       308.503       285.814       294.813       306.804       285.814       294.813       306.804       301.155        306.54       308.503       308.549       308.549        308.55       308.549       308.549        308.55        308.55       308.548       308.547       306.282       306.116       307.919       303.127       304.661        306.78       303.125       304.353       306.795       308.551       308.548       308.549       308.548       308.546       308.546       308.545       308.543       308.543        308.56       308.562       308.565        308.56       308.562       308.565        308.56       308.562       308.565        308.56       308.562       308.565        308.56       308.562       308.566
           78       307.584        308.47       308.549       281.233       302.959       308.501        252.49       278.755       307.654        252.49       278.755       307.654       281.233       302.959       308.501       307.584        308.47       308.549       308.548       308.549        308.55       308.547       308.549        308.55       301.073        306.51       308.502       285.789       294.801       306.805       285.789       294.801       306.805       301.073        306.51       308.502       308.549       308.549        308.55       308.549       308.549        308.55       308.549       308.547       308.546       305.684       305.598       307.775         303.1       304.599        306.71       303.034       304.297       306.738       308.549       308.547       308.548       308.548       308.546       308.545       308.545       308.543       308.543        308.56       308.562       308.565        308.56       308.562       308.565        308.56       308.562       308.565        308.56       308.562       308.566        308.56       308.562       308.567
           79        307.57       308.467       308.549       281.106        302.92         308.5       252.475       278.772       307.657       252.475       278.772       307.657       281.106        302.92         308.5        307.57       308.467       308.549       308.547       308.549        308.55       308.547       308.549        308.55       300.995       306.481       308.502       285.764        294.79       306.805       285.764        294.79       306.805       300.995       306.481       308.502       308.549       308.549        308.55       308.549       308.549        308.55       308.548       308.547       308.545       305.075       305.123        307.64       303.092       304.549       306.646       302.979       304.255       306.684       308.547       308.546       308.547       308.547       308.545       308.544       308.544       308.543       308.543        308.56       308.562       308.566        308.56       308.562       308.565        308.56       308.562       308.566        308.56       308.562       308.566        308.56       308.562       308.567
