/*--------------------------------*- C++ -*----------------------------------*\
| =========                 |                                                 |
| \\      /  F ield         | OpenFOAM: The Open Source CFD Toolbox           |
|  \\    /   O peration     | Version:  5.x                                   |
|   \\  /    A nd           | Web:      www.OpenFOAM.org                      |
|    \\/     M anipulation  |                                                 |
\*---------------------------------------------------------------------------*/
FoamFile
{
    version     2.0;
    format      ascii;
    class       faceSet;
    location    "constant/polyMesh/sets";
    object      gasInletFaces;
}
// * * * * * * * * * * * * * * * * * * * * * * * * * * * * * * * * * * * * * //


5264
(
98312 
98317 
98319 
98320 
98321 
98322 
98323 
98324 
98325 
98326 
98327 
98328 
98329 
98330 
98331 
98332 
98333 
98334 
98335 
98336 
98337 
98338 
98339 
98340 
98341 
98342 
98343 
98344 
98345 
98346 
98347 
98348 
98349 
98350 
98351 
98352 
98353 
98354 
51 
98355 
52 
98356 
53 
98357 
54 
98358 
55 
98359 
56 
98360 
57 
98361 
58 
98362 
59 
98363 
60 
98364 
61 
98365 
62 
98366 
98367 
98368 
98369 
98370 
98371 
98372 
98373 
98374 
98375 
98376 
98377 
98378 
98379 
98380 
98381 
98382 
98383 
98384 
98385 
98386 
98387 
98388 
98389 
98390 
98391 
98392 
98393 
98394 
98395 
98396 
98397 
98398 
98399 
73907 
73908 
32949 
73909 
32950 
32951 
32955 
32956 
32957 
32958 
32959 
32963 
196 
32964 
197 
32965 
198 
32966 
199 
32967 
200 
201 
202 
203 
204 
205 
32973 
206 
32974 
73934 
207 
32975 
32976 
32977 
32978 
32979 
32980 
32981 
32982 
32983 
32984 
32985 
32986 
32987 
32988 
32989 
32990 
32991 
32992 
32993 
32994 
32995 
32996 
32997 
32998 
32999 
33000 
33001 
33002 
33003 
33004 
33005 
33006 
33007 
33008 
33009 
33010 
33011 
33012 
33013 
33014 
33015 
33016 
33017 
33018 
33019 
33020 
33021 
33022 
33023 
33024 
33025 
33026 
33027 
33028 
33029 
33030 
33031 
33032 
33033 
33034 
33035 
33036 
33037 
33038 
33042 
33043 
33044 
33050 
33051 
33052 
33058 
33059 
33060 
33061 
33062 
8552 
8553 
8554 
8555 
8556 
8557 
8558 
8559 
8560 
8561 
8562 
8563 
8564 
8565 
8566 
98782 
98784 
98787 
98788 
98789 
98790 
98791 
98797 
98798 
98799 
98800 
98801 
98803 
98805 
98806 
98807 
98811 
98812 
98813 
98814 
98815 
98816 
98817 
98818 
98819 
98820 
98821 
98822 
98823 
98824 
98825 
98826 
98827 
98828 
98829 
98830 
98831 
98832 
98833 
98834 
8723 
98835 
8724 
98836 
8725 
98837 
8726 
98838 
8727 
98839 
8728 
98840 
8729 
8730 
8731 
8732 
8733 
8734 
8736 
8737 
98859 
98860 
33647 
33663 
33664 
33665 
33674 
33675 
33676 
33677 
33678 
33679 
33680 
33681 
33693 
33694 
33695 
33704 
33705 
33706 
33707 
33708 
33709 
91053 
33710 
33711 
91058 
91070 
91072 
91074 
91075 
91076 
91077 
91078 
91079 
91080 
91081 
91082 
91083 
91084 
91085 
91086 
91087 
91088 
91089 
91090 
91091 
91092 
91093 
91094 
91095 
91096 
91097 
91098 
91099 
91100 
91101 
91102 
91103 
91104 
91105 
91106 
91107 
91108 
91109 
91110 
91111 
91112 
91113 
91114 
91115 
91116 
91117 
91118 
91119 
91120 
91121 
91122 
91123 
91124 
91125 
91126 
91127 
91128 
91129 
91130 
91131 
91132 
91133 
91134 
91135 
91136 
91137 
91138 
91139 
91140 
91141 
91142 
91143 
91144 
91145 
50232 
50233 
50234 
50238 
50239 
50240 
50241 
50242 
50246 
50247 
50248 
50249 
50250 
50256 
50257 
50258 
50259 
50260 
50261 
50262 
50263 
50264 
50265 
50266 
50267 
50268 
50269 
50270 
50271 
50272 
50273 
50274 
50275 
50276 
50277 
50278 
50279 
50280 
50281 
50282 
50283 
50284 
50285 
50286 
50287 
50288 
50289 
50290 
50291 
50292 
50293 
50294 
50295 
50296 
50297 
50298 
50299 
50300 
50301 
50302 
50303 
50304 
50305 
50306 
50307 
50308 
50309 
164998 
50310 
50311 
50312 
50313 
50314 
50315 
50316 
50317 
50318 
50319 
50320 
50321 
50325 
50326 
50327 
50333 
50334 
50335 
50341 
50342 
50343 
50344 
50345 
165048 
165049 
165050 
165051 
165052 
165053 
165054 
165055 
165056 
165057 
165058 
165059 
165060 
165061 
165062 
165063 
165064 
165101 
165104 
165106 
165107 
165108 
165109 
165110 
165114 
165116 
165118 
165119 
165120 
165121 
165122 
165123 
165124 
165125 
165126 
165127 
165128 
165129 
165130 
165131 
165132 
165133 
165134 
165135 
165136 
132385 
165175 
165179 
165180 
165184 
165185 
165186 
165188 
132435 
132436 
132437 
132438 
132439 
132440 
132441 
132442 
132443 
132444 
91485 
132445 
132446 
132447 
91488 
132448 
132449 
132450 
91491 
132451 
91492 
91493 
91494 
165227 
91499 
165228 
91500 
165229 
91501 
165230 
91502 
165231 
91503 
165232 
91504 
165233 
91505 
165234 
91506 
165235 
165236 
165237 
165238 
91510 
165239 
165240 
91512 
165241 
91513 
165242 
91514 
165243 
91515 
165244 
91516 
91517 
91518 
91519 
165248 
91520 
165249 
91521 
165250 
91522 
165251 
91523 
165252 
91524 
165253 
91525 
91526 
91527 
91528 
132488 
91529 
91530 
91531 
132491 
91532 
91533 
132493 
91534 
132494 
91535 
132495 
91536 
132496 
91537 
132497 
91538 
132501 
132503 
132505 
132506 
132507 
132508 
132509 
132510 
132511 
132512 
132513 
132514 
91555 
132515 
91556 
132516 
132517 
132518 
132519 
132520 
132521 
132522 
132523 
132562 
132566 
132567 
132571 
132572 
132573 
132575 
132614 
132615 
132616 
132617 
132618 
132619 
132620 
173581 
132621 
173582 
132622 
173583 
132623 
173584 
132624 
173585 
132625 
173586 
132626 
173587 
132627 
173588 
132628 
173589 
132629 
173590 
132630 
173591 
132631 
173592 
173593 
173594 
173595 
132635 
173596 
132636 
173597 
132637 
132638 
132639 
132640 
173616 
173619 
173620 
173621 
173625 
173626 
173627 
173628 
173629 
173630 
173631 
173637 
173643 
173648 
173650 
173651 
173652 
173653 
173654 
173655 
173656 
173657 
173658 
173659 
173660 
173661 
173662 
173663 
173664 
173665 
173666 
173683 
173686 
173687 
173688 
173689 
173690 
173691 
173692 
173696 
173698 
173699 
173700 
173701 
173702 
173703 
173704 
173705 
173706 
173707 
173708 
173709 
173710 
173711 
173712 
173713 
173714 
173715 
173716 
173717 
173718 
173719 
173720 
173721 
173722 
173723 
173724 
173725 
173726 
173727 
173728 
173729 
173730 
173731 
173732 
173733 
173734 
173735 
173736 
173737 
173738 
173739 
173740 
173741 
173742 
140974 
173743 
140975 
173744 
140976 
173745 
140977 
173746 
140978 
173747 
140979 
173748 
140980 
173749 
140981 
173750 
140982 
173751 
140983 
173752 
140984 
173753 
140985 
173754 
140986 
173755 
140987 
173756 
140988 
173757 
140989 
173758 
140990 
173759 
173760 
173761 
173762 
173763 
173764 
173765 
173766 
173767 
173768 
173769 
173770 
173771 
173772 
173773 
173774 
173775 
173776 
173777 
141009 
173778 
173779 
173780 
141012 
173781 
141013 
173782 
141014 
173783 
173784 
173785 
173786 
141018 
173787 
141019 
173788 
141020 
173789 
141021 
173790 
141022 
173791 
141023 
173792 
141024 
173793 
173794 
173795 
173796 
173797 
173798 
141030 
173799 
173800 
173801 
173802 
173803 
173804 
141036 
173805 
173806 
173807 
173808 
173809 
141041 
173810 
50930 
173811 
141043 
173812 
141044 
173813 
141045 
173814 
141046 
173815 
141047 
173816 
141048 
173817 
141049 
173818 
141050 
173819 
141051 
173820 
141052 
173821 
141053 
173822 
141054 
173823 
141055 
173824 
141056 
173825 
141057 
173826 
50946 
141058 
173827 
50947 
141059 
173828 
50948 
141060 
173829 
141061 
173830 
141062 
173831 
173832 
173833 
173834 
173835 
173836 
173837 
50957 
173838 
50958 
173839 
50959 
173840 
50960 
173841 
50961 
173842 
50962 
173843 
50963 
173844 
50964 
173845 
173846 
173847 
173848 
173849 
173850 
141082 
173851 
173852 
173853 
141085 
173854 
141086 
173855 
141087 
173856 
50976 
141088 
173857 
50977 
141089 
173858 
50978 
141090 
173859 
141091 
173860 
141092 
173861 
173862 
173863 
173864 
173865 
141097 
173866 
173867 
50987 
173868 
50988 
141100 
173869 
141101 
50989 
173870 
141102 
50990 
173871 
141103 
50991 
173872 
141104 
50992 
173873 
141105 
50993 
173874 
141106 
50994 
173875 
141107 
173876 
141108 
173877 
141109 
173878 
141110 
173879 
141111 
173880 
141112 
173881 
141113 
173882 
141114 
173883 
141115 
173884 
141116 
173885 
141117 
173886 
141118 
173887 
141119 
173888 
141120 
173889 
141121 
173890 
141122 
173891 
141123 
173892 
141124 
173893 
141125 
173894 
141126 
173895 
141127 
173896 
141128 
173897 
141129 
108361 
173898 
141130 
108362 
173899 
141131 
108363 
173900 
141132 
108364 
173901 
141133 
108365 
173902 
141134 
108366 
173903 
141135 
108367 
173904 
141136 
108368 
173905 
141137 
108369 
173906 
141138 
108370 
173907 
141139 
108371 
173908 
141140 
108372 
173909 
141141 
108373 
173910 
141142 
108374 
173911 
141143 
108375 
173912 
141144 
108376 
173913 
141145 
108377 
173914 
141146 
173915 
141147 
173916 
141148 
173917 
141149 
173918 
141150 
173919 
141151 
173920 
141152 
173921 
141153 
173922 
141154 
173923 
141155 
173924 
141156 
173925 
141157 
173926 
141158 
173927 
141159 
173928 
141160 
173929 
141161 
173930 
141162 
173931 
141163 
108395 
141164 
141165 
141166 
141167 
108399 
141168 
108400 
141169 
108401 
141170 
141171 
141172 
141173 
108405 
141174 
108406 
141175 
108407 
141176 
108408 
141177 
108409 
141178 
108410 
141179 
108411 
141180 
141181 
173950 
141182 
141183 
141184 
141185 
108417 
173954 
141186 
173955 
141187 
141188 
141189 
141190 
173959 
141191 
108423 
173960 
141192 
173961 
141193 
141194 
173963 
141195 
141196 
108428 
141197 
141198 
108430 
141199 
108431 
141200 
108432 
141201 
108433 
141202 
108434 
141203 
108435 
141204 
108436 
141205 
108437 
141206 
108438 
141207 
108439 
141208 
108440 
141209 
108441 
141210 
108442 
141211 
108443 
141212 
108444 
141213 
108445 
141214 
108446 
141215 
108447 
141216 
108448 
173985 
141217 
108449 
173986 
141218 
173987 
141219 
173988 
141220 
173989 
141221 
173990 
141222 
173991 
141223 
173992 
141224 
173993 
141225 
173994 
141226 
173995 
141227 
173996 
141228 
173997 
141229 
173998 
141230 
173999 
141231 
174000 
141232 
174001 
141233 
141234 
141235 
141236 
141237 
108469 
141238 
141239 
141240 
108472 
141241 
108473 
141242 
108474 
141243 
67515 
108475 
141244 
67516 
108476 
141245 
67517 
108477 
141246 
108478 
141247 
108479 
141248 
141249 
1985 
67521 
174018 
141250 
1986 
67522 
141251 
1987 
67523 
141252 
1988 
67524 
108484 
141253 
1989 
67525 
174022 
141254 
1990 
174023 
141255 
1991 
108487 
174024 
141256 
1992 
108488 
174025 
141257 
1993 
67529 
108489 
174026 
141258 
1994 
67530 
108490 
141259 
1995 
67531 
108491 
141260 
1996 
67532 
108492 
141261 
1997 
67533 
108493 
141262 
1998 
108494 
141263 
1999 
108495 
141264 
108496 
141265 
108497 
141266 
108498 
141267 
67539 
108499 
141268 
67540 
108500 
141269 
67541 
108501 
141270 
67542 
108502 
141271 
67543 
108503 
141272 
67544 
108504 
141273 
67545 
108505 
141274 
67546 
108506 
141275 
67547 
108507 
141276 
67548 
108508 
141277 
67549 
108509 
141278 
67550 
108510 
141279 
67551 
108511 
141280 
67552 
108512 
141281 
67553 
108513 
141282 
67554 
108514 
141283 
67555 
108515 
141284 
67556 
108516 
141285 
67557 
108517 
141286 
67558 
108518 
141287 
67559 
108519 
141288 
67560 
108520 
141289 
67561 
108521 
141290 
67562 
108522 
141291 
67563 
108523 
141292 
67564 
108524 
141293 
67565 
108525 
141294 
67566 
108526 
141295 
67567 
108527 
141296 
67568 
108528 
141297 
67569 
108529 
141298 
67570 
108530 
141299 
67571 
108531 
141300 
67572 
108532 
141301 
67573 
108533 
141302 
67574 
108534 
141303 
67575 
108535 
141304 
67576 
108536 
141305 
67577 
108537 
141306 
67578 
108538 
141307 
67579 
108539 
141308 
67580 
108540 
141309 
67581 
108541 
141310 
67582 
108542 
141311 
67583 
108543 
141312 
67584 
108544 
141313 
67585 
108545 
141314 
67586 
108546 
141315 
67587 
108547 
141316 
67588 
108548 
141317 
67589 
108549 
141318 
67590 
108550 
141319 
67591 
108551 
141320 
67592 
108552 
141321 
67593 
108553 
141322 
67594 
108554 
141323 
67595 
108555 
141324 
67596 
108556 
141325 
67597 
108557 
141326 
67598 
108558 
141327 
67599 
108559 
141328 
67600 
108560 
141329 
67601 
108561 
141330 
67602 
108562 
141331 
67603 
108563 
141332 
67604 
108564 
141333 
108565 
141334 
108566 
141335 
108567 
141336 
67608 
108568 
141337 
67609 
108569 
141338 
67610 
108570 
141339 
108571 
141340 
108572 
141341 
108573 
141342 
108574 
141343 
108575 
141344 
67616 
108576 
141345 
67617 
108577 
141346 
67618 
108578 
141347 
108579 
141348 
108580 
141349 
108581 
141350 
108582 
141351 
108583 
67624 
108584 
67625 
108585 
67626 
108586 
67627 
108587 
67628 
108588 
108589 
108590 
108591 
108592 
108593 
108594 
108595 
108596 
108597 
108598 
108599 
108600 
108601 
141370 
108602 
108603 
108604 
108605 
141374 
108606 
141375 
108607 
108608 
108609 
108610 
141379 
108611 
141380 
108612 
141381 
108613 
108614 
141383 
108615 
108616 
108617 
108618 
108619 
108620 
108621 
108622 
108623 
108624 
108625 
108626 
108627 
108628 
108629 
108630 
108631 
108632 
108633 
108634 
108635 
108636 
141405 
108637 
141406 
108638 
141407 
108639 
141408 
108640 
141409 
108641 
141410 
108642 
141411 
108643 
141412 
108644 
141413 
108645 
141414 
108646 
141415 
108647 
141416 
108648 
141417 
108649 
141418 
108650 
141419 
108651 
141420 
2156 
108652 
141421 
2157 
108653 
2158 
108654 
2159 
108655 
2160 
108656 
2161 
108657 
2162 
108658 
2163 
108659 
2164 
108660 
2165 
108661 
2166 
108662 
2167 
108663 
108664 
2169 
108665 
2170 
108666 
108667 
108668 
108669 
108670 
108671 
108672 
141441 
108673 
108674 
108675 
108676 
141445 
108677 
141446 
108678 
141447 
108679 
141448 
108680 
141449 
108681 
141450 
108682 
108683 
108684 
108685 
108686 
108687 
108688 
108689 
108690 
108691 
108692 
108693 
108694 
108695 
108696 
108697 
108698 
108699 
108700 
108701 
108702 
108703 
108704 
108705 
108706 
108707 
108708 
108709 
108710 
108711 
108712 
108713 
108714 
108715 
108716 
108717 
108718 
108719 
108720 
108721 
108722 
108723 
108724 
108725 
108726 
108727 
108728 
108729 
108730 
108731 
108732 
108733 
108734 
108735 
108736 
108737 
108738 
108756 
108761 
108762 
108766 
108767 
108768 
108769 
108792 
108793 
108794 
108795 
108796 
108797 
108798 
108799 
108800 
108801 
108802 
108803 
108804 
108805 
108806 
108807 
108808 
108828 
108832 
108833 
108834 
108835 
108836 
108837 
100794 
100800 
100811 
100816 
100818 
100819 
100820 
100821 
100822 
100823 
100824 
100825 
100826 
100827 
100828 
100829 
100830 
100831 
100832 
100833 
100834 
100835 
100836 
100837 
100838 
100839 
100840 
100841 
100842 
100843 
100844 
100845 
100846 
100847 
100848 
100849 
100850 
100851 
100852 
10741 
100853 
10742 
100854 
10743 
100855 
10744 
100856 
10745 
100857 
10746 
100858 
10747 
100859 
10748 
100860 
10749 
100861 
10750 
100862 
10751 
100863 
10752 
100864 
10753 
100865 
10754 
100866 
10755 
100867 
100868 
100869 
100870 
100871 
100872 
100873 
100874 
100875 
100876 
100877 
100878 
100879 
100880 
100881 
100882 
100883 
100884 
100885 
100886 
100887 
100888 
100889 
100890 
100891 
100892 
100893 
100894 
100895 
100896 
100897 
100898 
68213 
68229 
68230 
68231 
68240 
68241 
68242 
68243 
68244 
68245 
68246 
68247 
10912 
10913 
10914 
10915 
68259 
10916 
68260 
10917 
68261 
10918 
10919 
10920 
10921 
10922 
10923 
10925 
10926 
68270 
68271 
68272 
68273 
68274 
68275 
68276 
68277 
101281 
101283 
101286 
101287 
101288 
101289 
101290 
101296 
101297 
101298 
101299 
101300 
101302 
101304 
101305 
101306 
101310 
101311 
101312 
101313 
101314 
101315 
101316 
101317 
101318 
101319 
101320 
101321 
101322 
101323 
101324 
101325 
101326 
101327 
101328 
101329 
101330 
101331 
101332 
101333 
101334 
101335 
101336 
101337 
101338 
101339 
101358 
101359 
93297 
93303 
93314 
93319 
93321 
93322 
93323 
93324 
93325 
93326 
93327 
93328 
93329 
93330 
93331 
93332 
93333 
93334 
93335 
93336 
93337 
93338 
93339 
93340 
93341 
93342 
93343 
93344 
93345 
93346 
93347 
93348 
93349 
93350 
93351 
93352 
93353 
93354 
93355 
93356 
93357 
93358 
93359 
93360 
93361 
93362 
93363 
93364 
93365 
93366 
93367 
93368 
93369 
93370 
93371 
93372 
93373 
93374 
93375 
93376 
93377 
93378 
93379 
93380 
93381 
93382 
93383 
93384 
93385 
93386 
93387 
93388 
93389 
93390 
93391 
93392 
93393 
93394 
93395 
93396 
93397 
93398 
93399 
93400 
93401 
44471 
44472 
44473 
44477 
44478 
44479 
44480 
44481 
44485 
44486 
44487 
44488 
44489 
44495 
44496 
44497 
44498 
44499 
44500 
44501 
44502 
44503 
44504 
44505 
44506 
44507 
44508 
44509 
44510 
44511 
44512 
44513 
44514 
44515 
44516 
44517 
44518 
44519 
44520 
44521 
44522 
44523 
44524 
44525 
44526 
44527 
44528 
44529 
44530 
44531 
44532 
44533 
44534 
44535 
44536 
44537 
44538 
44539 
44540 
44541 
44542 
44543 
44544 
44545 
44546 
44547 
44548 
44549 
44550 
44551 
44552 
44553 
44554 
44555 
44556 
44557 
44558 
44559 
44560 
44564 
44565 
44566 
44572 
44573 
44574 
44580 
44581 
44582 
44583 
44584 
175704 
93784 
93786 
93789 
93790 
93791 
93792 
93793 
93799 
93800 
93801 
93802 
93803 
93805 
93807 
93808 
93809 
93813 
93814 
93815 
93816 
93817 
93818 
93819 
93820 
93821 
93822 
93823 
93824 
175745 
93825 
175746 
93826 
175747 
93827 
175748 
93828 
175749 
93829 
175750 
93830 
175751 
93831 
175752 
93832 
175753 
93833 
175754 
93834 
175755 
93835 
175756 
93836 
175757 
93837 
175758 
93838 
175759 
93839 
175760 
93840 
175761 
93841 
93842 
93861 
93862 
175798 
175801 
175803 
175804 
175805 
175806 
175807 
175811 
175813 
175815 
175816 
175817 
175818 
175819 
175820 
175821 
175822 
175823 
175824 
175825 
175826 
175827 
175828 
175829 
175830 
175863 
175867 
175868 
175872 
175873 
175874 
175876 
184102 
184103 
184104 
184105 
184106 
184107 
175915 
184108 
175916 
175917 
175918 
175919 
175920 
175921 
175922 
175923 
175924 
175925 
175926 
175927 
175928 
175929 
184122 
175930 
184123 
175931 
184124 
175932 
184125 
184126 
184127 
184128 
175936 
175937 
175938 
175939 
175940 
184142 
184143 
184144 
184145 
184146 
184147 
184148 
143256 
143306 
143307 
143308 
143309 
143310 
143311 
143312 
143313 
143314 
143315 
143316 
143317 
143318 
143319 
143320 
143321 
143322 
143359 
143362 
143364 
143365 
143366 
143367 
143368 
143372 
143374 
143376 
143377 
143378 
143379 
143380 
143381 
143382 
143383 
143384 
143385 
143386 
143387 
143388 
143389 
143390 
143391 
143392 
143393 
143394 
110643 
143433 
143437 
143438 
4174 
4175 
4176 
4177 
143442 
4178 
143443 
4179 
143444 
4180 
4181 
143446 
4182 
4183 
4184 
4185 
4186 
4187 
4188 
110693 
110694 
110695 
110696 
110697 
110698 
110699 
110700 
110701 
110702 
110703 
110704 
45169 
110705 
110706 
110707 
110708 
110709 
143485 
143486 
143487 
143488 
143489 
45185 
143490 
45186 
143491 
45187 
143492 
143493 
143494 
143495 
143496 
143497 
143498 
143499 
143500 
45196 
143501 
45197 
143502 
45198 
45199 
45200 
45201 
143506 
45202 
143507 
45203 
143508 
143509 
143510 
143511 
110746 
110749 
45215 
110751 
45216 
110752 
45217 
110753 
110754 
110755 
110759 
110761 
45226 
45227 
110763 
45228 
110764 
45229 
110765 
45230 
110766 
45231 
110767 
45232 
110768 
45233 
110769 
110770 
110771 
110772 
110773 
110774 
110775 
110776 
110777 
110778 
110779 
110780 
110781 
110819 
110824 
110825 
110829 
110830 
110831 
110832 
4345 
4346 
4347 
4348 
4349 
4350 
4351 
4352 
4353 
4354 
4355 
4356 
4358 
4359 
184584 
184585 
184587 
184588 
184590 
184591 
184593 
184594 
184596 
184597 
184599 
184600 
110872 
110873 
184602 
110874 
184603 
110875 
110876 
110877 
110878 
110879 
110880 
110881 
110882 
110883 
110884 
151845 
110885 
151846 
110886 
151847 
110887 
151848 
110888 
184617 
151849 
110889 
184618 
151850 
184619 
151851 
184620 
151852 
184621 
151853 
110893 
184622 
151854 
110894 
184623 
151855 
110895 
184624 
151856 
110896 
184625 
151857 
110897 
184626 
151858 
110898 
184627 
151859 
184628 
151860 
184629 
151861 
184630 
184631 
184632 
184633 
184634 
61754 
184635 
61755 
184636 
61756 
184637 
61760 
61761 
61762 
61763 
61764 
151880 
61768 
61769 
184650 
61770 
184651 
151883 
61771 
184652 
151884 
61772 
184653 
151885 
184654 
184655 
184656 
184657 
151889 
184658 
151890 
61778 
184659 
151891 
61779 
184660 
151892 
61780 
184661 
151893 
61781 
184662 
151894 
61782 
184663 
151895 
61783 
184664 
61784 
184665 
61785 
184666 
61786 
184667 
61787 
184668 
61788 
184669 
151901 
61789 
184670 
61790 
61791 
61792 
61793 
61794 
151907 
61795 
61796 
61797 
61798 
61799 
151912 
61800 
61801 
151914 
61802 
151915 
61803 
151916 
61804 
184685 
151917 
61805 
151918 
61806 
151919 
61807 
184688 
151920 
61808 
151921 
61809 
151922 
61810 
184691 
151923 
61811 
151924 
61812 
151925 
61813 
184694 
151926 
61814 
151927 
61815 
151928 
61816 
184697 
151929 
61817 
151930 
61818 
151931 
61819 
184700 
151932 
61820 
151933 
61821 
61822 
184703 
61823 
61824 
61825 
61826 
61827 
61828 
61829 
61830 
61831 
61832 
61833 
61834 
61835 
61836 
61837 
61838 
61839 
61840 
151953 
61841 
61842 
61843 
151956 
151957 
151958 
151959 
61847 
151960 
61848 
151961 
61849 
151962 
151963 
61855 
151968 
61856 
61857 
151971 
151972 
151973 
151974 
151975 
61863 
151976 
61864 
151977 
61865 
151978 
61866 
151979 
61867 
151980 
151981 
151982 
151983 
151984 
151985 
151986 
151987 
151988 
151989 
151990 
151991 
151992 
151993 
151994 
151995 
151996 
151997 
151998 
151999 
152000 
119232 
152001 
119233 
152002 
119234 
152003 
119235 
152004 
119236 
152005 
119237 
152006 
119238 
152007 
119239 
152008 
119240 
152009 
119241 
152010 
119242 
152011 
119243 
152012 
119244 
152013 
119245 
152014 
119246 
152015 
119247 
152016 
119248 
152017 
152018 
152019 
152020 
152021 
152022 
152023 
152024 
152025 
152026 
152027 
152028 
152029 
152030 
152031 
152032 
152033 
152034 
152035 
119267 
152036 
152037 
152038 
119270 
152039 
119271 
152040 
119272 
152041 
152042 
152043 
152044 
119276 
152045 
119277 
152046 
119278 
152047 
119279 
152048 
119280 
152049 
119281 
152050 
119282 
152051 
152052 
152053 
152054 
152055 
152056 
119288 
152057 
152058 
152059 
152060 
152061 
152062 
119294 
152063 
152064 
152065 
152066 
152067 
119299 
152068 
152069 
119301 
152070 
119302 
152071 
119303 
152072 
119304 
152073 
119305 
152074 
119306 
152075 
119307 
152076 
119308 
152077 
119309 
152078 
119310 
152079 
119311 
152080 
119312 
152081 
119313 
152082 
119314 
152083 
119315 
152084 
119316 
152085 
119317 
152086 
119318 
152087 
119319 
152088 
119320 
152089 
152090 
152091 
152092 
152093 
152094 
152095 
152096 
152097 
152098 
152099 
152100 
152101 
152102 
152103 
152104 
152105 
152106 
152107 
152108 
119340 
152109 
152110 
152111 
119343 
152112 
119344 
152113 
119345 
152114 
119346 
152115 
119347 
152116 
119348 
152117 
119349 
152118 
119350 
152119 
152120 
152121 
152122 
152123 
119355 
152124 
152125 
152126 
119358 
152127 
119359 
152128 
119360 
152129 
119361 
152130 
119362 
152131 
119363 
152132 
119364 
152133 
119365 
152134 
119366 
152135 
119367 
152136 
119368 
152137 
119369 
152138 
119370 
152139 
119371 
152140 
119372 
152141 
119373 
152142 
119374 
152143 
119375 
152144 
119376 
152145 
119377 
152146 
119378 
152147 
119379 
152148 
119380 
152149 
119381 
152150 
119382 
152151 
119383 
152152 
119384 
152153 
119385 
152154 
119386 
152155 
119387 
152156 
119388 
152157 
119389 
152158 
119390 
152159 
119391 
152160 
119392 
152161 
119393 
152162 
119394 
152163 
119395 
152164 
119396 
152165 
119397 
152166 
119398 
152167 
119399 
152168 
119400 
152169 
119401 
152170 
119402 
152171 
119403 
152172 
119404 
152173 
119405 
152174 
119406 
152175 
119407 
152176 
119408 
152177 
119409 
152178 
119410 
152179 
119411 
152180 
119412 
152181 
119413 
152182 
119414 
152183 
119415 
152184 
119416 
152185 
119417 
152186 
119418 
152187 
119419 
152188 
119420 
152189 
119421 
152190 
119422 
152191 
119423 
152192 
119424 
152193 
119425 
152194 
12930 
119426 
152195 
12931 
119427 
152196 
12932 
119428 
152197 
12933 
119429 
152198 
12934 
119430 
152199 
12935 
119431 
152200 
12936 
119432 
152201 
12937 
119433 
152202 
12938 
119434 
152203 
12939 
119435 
152204 
12940 
119436 
152205 
12941 
119437 
152206 
12942 
119438 
152207 
12943 
119439 
152208 
12944 
119440 
152209 
119441 
152210 
119442 
152211 
119443 
152212 
119444 
152213 
119445 
152214 
119446 
152215 
119447 
152216 
119448 
152217 
119449 
152218 
119450 
152219 
119451 
152220 
119452 
152221 
119453 
152222 
119454 
119455 
119456 
119457 
119458 
119459 
119460 
119461 
119462 
119463 
119464 
119465 
119466 
119467 
119468 
119469 
119470 
119471 
119472 
152241 
119473 
119474 
119475 
119476 
152245 
119477 
152246 
119478 
119479 
119480 
119481 
152250 
119482 
152251 
119483 
152252 
119484 
119485 
152254 
119486 
119487 
119488 
119489 
119490 
119491 
119492 
119493 
119494 
119495 
119496 
119497 
119498 
119499 
119500 
119501 
119502 
119503 
119504 
119505 
119506 
119507 
152276 
119508 
152277 
119509 
152278 
119510 
152279 
119511 
152280 
119512 
152281 
119513 
152282 
119514 
152283 
119515 
152284 
119516 
152285 
119517 
152286 
119518 
152287 
119519 
152288 
119520 
152289 
119521 
152290 
119522 
152291 
119523 
152292 
119524 
119525 
119526 
119527 
119528 
119529 
119530 
119531 
119532 
119533 
119534 
119535 
119536 
119537 
119538 
119539 
119540 
119541 
119542 
119543 
152312 
119544 
119545 
119546 
119547 
152316 
119548 
152317 
119549 
152318 
119550 
152319 
119551 
152320 
119552 
152321 
119553 
119554 
119555 
119556 
119557 
119558 
119559 
119560 
119561 
119562 
119563 
119564 
119565 
119566 
119567 
119568 
119569 
119570 
119571 
119572 
119573 
119574 
119575 
119576 
119577 
119578 
119579 
119580 
119581 
119582 
119583 
119584 
119585 
119586 
119587 
119588 
119589 
119590 
119591 
119592 
119593 
119594 
119595 
119596 
13101 
119597 
13102 
119598 
13103 
119599 
13104 
119600 
13105 
119601 
13106 
119602 
13107 
119603 
13108 
119604 
13109 
119605 
13110 
119606 
13111 
119607 
13112 
119608 
119609 
13114 
13115 
119628 
119632 
119633 
119637 
119638 
119639 
119641 
119663 
119664 
119665 
119666 
119667 
119668 
119669 
119670 
119671 
119672 
119673 
119674 
119675 
119676 
103293 
119677 
119678 
119679 
103299 
103310 
103315 
119699 
103317 
103318 
103319 
119703 
103320 
119704 
103321 
119705 
103322 
119706 
103323 
119707 
103324 
119708 
103325 
103326 
103327 
103328 
103329 
103330 
103331 
103332 
103333 
103334 
103335 
103336 
103337 
103338 
103339 
103340 
103341 
103342 
103343 
103344 
103345 
103346 
103347 
103348 
103349 
103350 
103351 
103352 
103353 
103354 
103355 
103356 
103357 
103358 
103359 
103360 
103361 
103362 
103363 
103364 
103365 
103366 
103367 
103368 
103369 
103370 
103371 
103372 
103373 
103374 
103375 
103376 
103377 
103378 
103379 
103380 
103381 
103382 
103383 
103384 
103385 
103386 
103387 
103388 
103389 
103390 
103391 
103392 
103393 
103394 
103395 
103396 
103397 
62452 
185342 
185343 
185344 
185345 
185346 
185347 
185348 
62468 
185349 
62469 
185350 
62470 
185351 
185352 
185353 
185354 
185355 
185356 
185357 
185358 
185359 
62479 
185360 
62480 
185361 
62481 
185362 
62482 
185363 
62483 
185364 
62484 
185365 
62485 
185366 
62486 
185367 
185368 
185369 
185370 
185371 
185372 
185373 
185374 
185375 
185376 
185377 
185378 
62498 
185379 
62499 
185380 
62500 
185381 
185382 
185383 
185384 
185385 
185386 
185387 
185388 
185389 
62509 
185390 
62510 
185391 
62511 
185392 
62512 
185393 
62513 
185394 
62514 
185395 
62515 
185396 
62516 
185397 
185398 
185399 
185400 
185401 
185402 
185403 
185404 
103780 
103782 
103785 
103786 
103787 
103788 
103789 
103795 
103796 
103797 
103798 
103799 
185720 
185721 
103801 
185722 
185723 
103803 
185724 
103804 
185725 
103805 
185729 
103809 
185730 
103810 
185731 
103811 
185732 
103812 
185733 
103813 
185734 
103814 
103815 
103816 
103817 
185738 
103818 
185739 
103819 
185740 
103820 
185741 
103821 
185742 
103822 
185743 
103823 
103824 
103825 
103826 
185747 
103827 
185748 
103828 
185749 
103829 
185750 
103830 
185751 
103831 
185752 
103832 
103833 
103834 
103835 
185756 
103836 
185757 
103837 
185758 
103838 
185759 
185760 
185761 
185765 
185766 
185767 
185768 
185769 
185770 
185774 
185775 
185776 
185777 
103857 
185778 
103858 
185779 
185783 
185784 
185785 
185786 
185787 
185788 
185789 
185790 
185791 
185792 
185793 
185794 
185795 
185796 
185797 
185798 
185799 
185800 
185801 
185802 
185803 
185804 
185805 
185806 
185807 
185808 
185809 
185810 
185811 
185812 
185813 
185814 
185815 
185816 
185817 
185818 
185819 
185820 
185821 
185822 
185823 
185824 
185825 
185826 
185827 
185828 
185829 
185830 
185831 
185832 
185833 
185834 
185835 
185836 
185837 
185838 
185839 
185840 
185841 
185842 
185843 
185844 
185845 
185846 
185847 
185848 
185849 
185850 
185851 
185852 
185853 
185854 
185855 
185856 
185857 
185858 
185859 
185860 
185861 
185862 
185863 
185864 
185865 
185866 
185867 
185868 
185869 
185870 
185871 
185872 
185873 
185874 
185875 
185876 
185877 
185878 
185879 
185880 
185881 
185882 
185883 
185884 
185885 
185886 
185887 
185888 
185889 
185890 
185891 
185892 
185893 
185894 
185895 
185896 
185897 
185898 
185899 
185900 
185901 
185902 
185903 
185904 
185905 
185906 
185907 
185908 
95796 
95802 
185915 
185916 
185917 
185924 
185925 
95813 
185926 
95818 
95820 
185933 
95821 
185934 
95822 
185935 
95823 
95824 
95825 
95826 
95827 
95828 
95829 
185942 
95830 
185943 
95831 
185944 
95832 
95833 
95834 
95835 
95836 
95837 
95838 
185951 
95839 
185952 
95840 
185953 
95841 
95842 
95843 
95844 
95845 
95846 
95847 
185960 
95848 
185961 
95849 
185962 
95850 
95851 
95852 
95853 
95854 
95855 
95856 
185969 
95857 
185970 
95858 
185971 
95859 
95860 
95861 
95862 
95863 
95864 
95865 
95866 
95867 
95868 
95869 
95870 
95871 
95872 
95873 
95874 
95875 
95876 
95877 
95878 
95879 
95880 
95881 
95882 
95883 
95884 
95885 
95886 
95887 
95888 
95889 
95890 
95891 
95892 
95893 
95894 
95895 
95896 
95897 
95898 
95899 
95900 
38710 
38711 
38712 
38716 
38717 
38718 
38719 
38720 
38724 
38725 
38726 
38727 
38728 
38734 
38735 
38736 
38737 
38738 
38739 
38740 
38741 
38742 
38743 
38744 
38745 
38746 
38747 
38748 
38749 
38750 
38751 
38752 
38753 
38754 
38755 
38756 
38757 
38758 
38759 
38760 
38761 
38762 
38763 
38764 
38765 
38766 
38767 
38768 
38769 
38770 
38771 
38772 
38773 
38774 
38775 
38776 
38777 
38778 
38779 
38780 
38781 
38782 
38783 
38784 
38785 
38786 
38787 
38788 
38789 
38790 
38791 
38792 
38793 
38794 
38795 
38796 
38797 
38798 
38799 
38803 
38804 
38805 
38811 
38812 
38813 
38819 
38820 
38821 
38822 
38823 
96283 
96285 
96288 
96289 
96290 
96291 
96292 
96298 
96299 
96300 
96301 
96302 
96304 
96306 
96307 
96308 
96312 
96313 
96314 
96315 
96316 
96317 
96318 
96319 
96320 
96321 
96322 
96323 
96324 
96325 
96326 
96327 
96328 
96329 
96330 
96331 
96332 
96333 
96334 
96335 
96336 
96337 
96338 
96339 
96340 
96341 
96360 
96361 
6363 
6364 
6365 
6366 
6367 
6368 
6369 
6370 
6371 
6372 
6373 
6374 
6375 
6376 
6377 
6534 
6535 
6536 
6537 
6538 
6539 
6540 
6541 
6542 
6543 
6544 
6545 
6547 
6548 
39408 
39424 
39425 
39426 
39435 
39436 
39437 
39438 
154127 
39439 
39440 
39441 
39442 
39454 
39455 
39456 
39465 
39466 
39467 
39468 
39469 
39470 
39471 
39472 
154177 
154178 
154179 
154180 
154181 
154182 
154183 
154184 
154185 
154186 
154187 
154188 
154189 
154190 
186959 
154191 
186960 
154192 
154193 
186971 
186972 
186983 
154230 
154233 
154235 
154236 
154237 
154238 
154239 
154243 
154245 
154247 
154248 
154249 
154250 
154251 
154252 
154253 
154254 
154255 
154256 
154257 
154258 
154259 
154260 
154261 
154262 
154263 
154264 
154265 
121514 
55993 
55994 
55995 
55999 
154304 
56000 
56001 
56002 
56003 
154308 
154309 
56007 
56008 
154313 
56009 
154314 
56010 
154315 
56011 
154317 
56017 
56018 
56019 
56020 
56021 
56022 
56023 
56024 
56025 
56026 
56027 
56028 
121564 
56029 
121565 
56030 
121566 
56031 
121567 
56032 
121568 
56033 
121569 
56034 
121570 
56035 
121571 
56036 
121572 
56037 
121573 
56038 
121574 
56039 
121575 
56040 
121576 
56041 
121577 
56042 
121578 
56043 
121579 
56044 
121580 
56045 
56046 
56047 
56048 
56049 
56050 
56051 
154356 
56052 
154357 
56053 
154358 
56054 
154359 
56055 
154360 
56056 
154361 
56057 
154362 
56058 
154363 
56059 
154364 
56060 
154365 
56061 
154366 
56062 
154367 
56063 
154368 
56064 
154369 
56065 
154370 
56066 
154371 
56067 
154372 
56068 
154373 
56069 
56070 
56071 
56072 
154377 
56073 
154378 
56074 
154379 
56075 
154380 
56076 
154381 
56077 
154382 
56078 
15119 
56079 
56080 
56081 
121617 
56082 
15124 
121620 
15125 
15126 
56086 
121622 
15127 
56087 
121623 
56088 
121624 
121625 
121626 
15132 
15133 
15134 
56094 
121630 
15135 
56095 
56096 
121632 
121634 
121635 
15140 
121636 
15141 
121637 
15142 
56102 
121638 
56103 
121639 
56104 
121640 
56105 
121641 
56106 
121642 
121643 
121644 
121645 
121646 
121647 
121648 
121649 
121650 
121651 
121652 
121691 
121695 
121696 
121700 
121701 
121702 
121704 
121743 
121744 
121745 
121746 
121747 
121748 
121749 
121750 
121751 
121752 
121753 
121754 
121755 
162716 
121756 
162717 
121757 
162718 
121758 
162719 
121759 
162720 
121760 
162721 
162722 
162723 
162724 
121764 
162725 
121765 
162726 
121766 
162727 
121767 
162728 
121768 
162729 
121769 
162730 
162731 
162732 
187310 
187311 
162751 
162754 
162755 
162756 
162760 
162761 
162762 
187339 
162763 
187340 
162764 
187341 
162765 
162766 
187344 
162772 
162778 
162783 
162785 
162786 
162787 
162788 
162789 
162790 
162791 
15335 
162792 
187369 
162793 
187370 
162794 
187371 
162795 
162796 
162797 
15341 
187374 
162798 
162799 
162800 
15344 
162801 
162802 
162803 
162804 
15350 
15351 
15352 
187399 
162824 
162827 
162828 
162829 
162830 
162831 
162832 
162833 
162834 
162839 
162842 
162843 
162844 
162845 
162846 
162847 
162848 
162849 
162850 
162851 
162852 
162853 
162854 
162855 
162856 
162857 
162858 
162859 
162860 
162861 
162862 
162863 
162864 
162865 
162866 
162867 
162868 
162869 
162870 
162871 
130103 
162872 
130104 
162873 
130105 
162874 
130106 
162875 
130107 
162876 
130108 
162877 
130109 
162878 
130110 
162879 
130111 
162880 
130112 
162881 
130113 
162882 
130114 
162883 
130115 
162884 
130116 
162885 
130117 
162886 
130118 
162887 
130119 
162888 
162889 
162890 
162891 
162892 
162893 
162894 
162895 
162896 
162897 
162898 
162899 
162900 
162901 
162902 
162903 
162904 
162905 
162906 
130138 
162907 
162908 
162909 
130141 
162910 
130142 
162911 
130143 
162912 
162913 
162914 
162915 
130147 
162916 
130148 
162917 
130149 
162918 
130150 
162919 
130151 
162920 
130152 
162921 
130153 
162922 
162923 
162924 
162925 
162926 
162927 
130159 
162928 
162929 
162930 
162931 
162932 
162933 
130165 
162934 
162935 
162936 
162937 
162938 
130170 
162939 
162940 
130172 
162941 
130173 
162942 
130174 
162943 
130175 
162944 
130176 
162945 
130177 
162946 
130178 
162947 
130179 
162948 
130180 
162949 
130181 
162950 
130182 
162951 
130183 
162952 
130184 
162953 
130185 
162954 
130186 
162955 
130187 
162956 
130188 
162957 
130189 
162958 
130190 
162959 
130191 
162960 
162961 
162962 
162963 
162964 
162965 
162966 
162967 
162968 
162969 
162970 
162971 
162972 
162973 
162974 
162975 
162976 
162977 
162978 
162979 
130211 
162980 
162981 
162982 
130214 
162983 
130215 
162984 
130216 
162985 
130217 
162986 
130218 
162987 
130219 
162988 
130220 
162989 
130221 
162990 
162991 
162992 
162993 
162994 
130226 
162995 
162996 
162997 
130229 
162998 
130230 
162999 
130231 
163000 
130232 
163001 
130233 
163002 
130234 
163003 
130235 
163004 
130236 
163005 
130237 
163006 
130238 
163007 
130239 
163008 
130240 
163009 
130241 
163010 
130242 
163011 
130243 
163012 
130244 
163013 
130245 
163014 
130246 
163015 
130247 
163016 
130248 
163017 
130249 
163018 
130250 
163019 
130251 
163020 
130252 
163021 
130253 
163022 
130254 
163023 
130255 
163024 
130256 
163025 
130257 
163026 
130258 
163027 
130259 
163028 
130260 
163029 
130261 
163030 
130262 
163031 
130263 
163032 
130264 
163033 
130265 
163034 
130266 
163035 
130267 
163036 
130268 
163037 
130269 
163038 
130270 
163039 
130271 
163040 
130272 
163041 
130273 
163042 
130274 
163043 
130275 
163044 
130276 
163045 
130277 
163046 
130278 
163047 
130279 
163048 
130280 
163049 
130281 
163050 
130282 
163051 
130283 
163052 
130284 
163053 
130285 
163054 
130286 
163055 
130287 
163056 
130288 
163057 
130289 
163058 
130290 
163059 
130291 
163060 
130292 
163061 
130293 
163062 
130294 
163063 
130295 
163064 
130296 
163065 
130297 
163066 
130298 
163067 
130299 
163068 
130300 
163069 
130301 
163070 
130302 
163071 
130303 
163072 
130304 
163073 
130305 
163074 
130306 
163075 
130307 
163076 
130308 
163077 
130309 
163078 
130310 
163079 
130311 
163080 
130312 
163081 
130313 
163082 
130314 
163083 
130315 
163084 
130316 
163085 
130317 
163086 
130318 
163087 
130319 
163088 
130320 
163089 
130321 
163090 
130322 
163091 
130323 
163092 
130324 
163093 
130325 
130326 
130327 
130328 
130329 
130330 
130331 
130332 
130333 
130334 
130335 
130336 
130337 
130338 
130339 
130340 
130341 
130342 
130343 
163112 
130344 
130345 
130346 
130347 
163116 
130348 
163117 
130349 
130350 
130351 
130352 
163121 
130353 
163122 
130354 
163123 
130355 
130356 
163125 
130357 
130358 
130359 
130360 
130361 
130362 
130363 
130364 
130365 
130366 
130367 
105792 
130368 
130369 
130370 
130371 
130372 
130373 
105798 
130374 
130375 
130376 
130377 
130378 
163147 
130379 
163148 
130380 
163149 
130381 
163150 
130382 
163151 
130383 
163152 
130384 
163153 
105809 
130385 
163154 
130386 
163155 
130387 
163156 
130388 
163157 
130389 
163158 
105814 
130390 
163159 
130391 
163160 
105816 
130392 
163161 
105817 
130393 
163162 
105818 
130394 
163163 
105819 
130395 
105820 
130396 
105821 
130397 
105822 
130398 
105823 
130399 
105824 
130400 
105825 
130401 
105826 
130402 
105827 
130403 
105828 
130404 
105829 
130405 
105830 
130406 
105831 
130407 
105832 
130408 
105833 
130409 
105834 
130410 
105835 
130411 
105836 
130412 
105837 
130413 
105838 
130414 
163183 
105839 
130415 
105840 
130416 
105841 
130417 
105842 
130418 
163187 
56691 
105843 
130419 
163188 
105844 
130420 
163189 
105845 
130421 
163190 
105846 
130422 
163191 
105847 
130423 
163192 
105848 
130424 
105849 
130425 
105850 
130426 
105851 
130427 
105852 
130428 
105853 
130429 
105854 
130430 
105855 
130431 
105856 
130432 
105857 
130433 
105858 
130434 
56707 
105859 
130435 
56708 
105860 
130436 
56709 
105861 
130437 
105862 
130438 
105863 
130439 
105864 
130440 
105865 
130441 
105866 
130442 
105867 
130443 
105868 
130444 
105869 
130445 
56718 
105870 
130446 
56719 
105871 
130447 
56720 
105872 
130448 
56721 
105873 
130449 
56722 
105874 
130450 
56723 
105875 
130451 
56724 
105876 
130452 
56725 
105877 
130453 
105878 
130454 
105879 
130455 
105880 
130456 
105881 
130457 
105882 
130458 
105883 
130459 
105884 
130460 
105885 
130461 
105886 
130462 
105887 
130463 
105888 
130464 
56737 
105889 
130465 
56738 
105890 
130466 
56739 
105891 
130467 
105892 
130468 
105893 
130469 
105894 
130470 
105895 
130471 
105896 
130472 
130473 
130474 
130475 
56748 
130476 
56749 
130477 
56750 
130478 
56751 
130479 
56752 
130480 
56753 
56754 
56755 
130499 
130503 
130504 
130508 
130509 
130510 
130512 
130534 
130535 
130536 
130537 
130538 
130539 
130540 
130541 
130542 
130543 
130544 
130545 
130546 
130547 
130548 
130549 
130550 
130570 
130574 
130575 
130576 
130577 
130578 
130579 
73267 
73268 
73269 
73278 
73294 
73295 
73296 
73299 
73300 
73301 
187992 
187993 
73305 
187994 
73306 
73307 
187997 
188007 
188008 
188009 
73321 
188010 
73322 
188011 
73323 
188012 
73326 
73327 
73328 
73332 
73333 
188022 
73334 
188023 
188024 
73353 
106279 
106281 
106284 
106285 
106286 
106287 
106288 
106294 
106295 
106296 
106297 
106298 
106300 
106302 
106303 
106304 
106308 
106309 
106310 
106311 
106312 
106313 
106314 
106315 
106316 
106317 
106318 
106319 
106320 
106321 
106322 
106323 
106324 
106325 
106326 
106327 
106328 
106329 
106330 
106331 
106332 
106333 
106334 
106335 
106336 
106337 
188265 
188268 
188269 
188270 
106356 
106357 
188307 
188308 
188309 
188310 
188311 
188312 
188313 
188314 
188315 
188322 
188323 
188324 
188352 
188353 
188354 
188355 
188356 
188357 
188358 
188359 
188360 
188367 
188399 
98295 
98301 
)

// ************************************************************************* //
