/*--------------------------------*- C++ -*----------------------------------*\
| =========                 |                                                 |
| \\      /  F ield         | OpenFOAM: The Open Source CFD Toolbox           |
|  \\    /   O peration     | Version:  5.x                                   |
|   \\  /    A nd           | Web:      www.OpenFOAM.org                      |
|    \\/     M anipulation  |                                                 |
\*---------------------------------------------------------------------------*/
FoamFile
{
    version     2.0;
    format      ascii;
    class       cellSet;
    location    "constant/polyMesh/sets";
    object      gasInletCells;
}
// * * * * * * * * * * * * * * * * * * * * * * * * * * * * * * * * * * * * * //


1568
(
57344 
57345 
57346 
57347 
57348 
57349 
57350 
57351 
40967 
57352 
57353 
40969 
57354 
57355 
40971 
57356 
57357 
57358 
14 
57359 
15 
57360 
16 
57361 
57362 
57363 
57364 
57365 
57366 
57367 
57368 
57369 
57370 
57371 
40987 
57372 
40988 
57373 
40989 
40990 
40991 
40992 
40993 
40995 
40996 
57382 
40998 
57384 
57386 
50 
57395 
51 
57396 
57397 
57398 
57399 
57400 
57401 
30781 
30782 
30783 
30784 
30785 
57410 
30786 
57411 
30787 
30788 
57413 
30789 
30790 
30791 
30792 
30793 
30794 
30795 
30796 
30797 
30798 
30799 
30800 
30801 
18535 
2154 
18538 
2155 
18539 
2156 
18542 
18545 
18546 
2190 
2191 
45222 
45223 
45224 
45225 
45226 
45227 
45228 
30901 
30903 
30905 
30907 
45244 
30908 
45245 
30909 
30910 
45247 
16575 
30911 
30912 
16577 
30913 
45250 
45251 
16579 
45252 
45253 
16581 
45254 
16582 
45255 
16583 
45256 
16584 
16585 
16586 
16587 
16588 
16589 
16590 
16591 
16592 
16593 
16594 
16595 
16597 
16599 
45272 
16601 
45274 
45276 
45292 
45293 
45294 
45295 
45296 
45297 
45298 
45300 
45301 
45303 
28996 
28997 
28998 
28999 
29000 
29001 
29002 
29003 
29004 
29005 
29006 
29007 
29008 
29009 
29010 
29011 
29012 
29013 
29014 
29015 
29016 
49527 
49528 
16760 
49529 
49530 
49531 
16763 
49532 
16764 
49533 
16767 
16770 
16771 
49549 
49550 
49552 
49555 
49556 
49557 
49558 
49559 
49560 
49561 
49577 
49579 
49581 
442 
443 
444 
29116 
49597 
49598 
29118 
49599 
49600 
29120 
49601 
49602 
29122 
49603 
29123 
29124 
49605 
29125 
49606 
29126 
29127 
49608 
29128 
14800 
14802 
14804 
14806 
14807 
14808 
14809 
14810 
14811 
14812 
14813 
478 
14814 
479 
14815 
14816 
14817 
14818 
14819 
14820 
14822 
14824 
14826 
2582 
2583 
2584 
2618 
2619 
53832 
53833 
53834 
53835 
27211 
53836 
27212 
53837 
27213 
53838 
27214 
27215 
27216 
27217 
27218 
27219 
27220 
27221 
27222 
27223 
27224 
27225 
27226 
27227 
27228 
27229 
53854 
27230 
53855 
27231 
53857 
53860 
53861 
53862 
53863 
53864 
53865 
53866 
53882 
53884 
53886 
14985 
14988 
14989 
53902 
53903 
53904 
14992 
53905 
53906 
53907 
14995 
53908 
14996 
53910 
53911 
53913 
31397 
31398 
31399 
31400 
31401 
31402 
31403 
31412 
31414 
31415 
31425 
31426 
27331 
31427 
31428 
27333 
31429 
27334 
31430 
31431 
27337 
27338 
27339 
27340 
27341 
27342 
27343 
31440 
31441 
31443 
31446 
31447 
31448 
31449 
31450 
31451 
31452 
31453 
31454 
31455 
31456 
13025 
31457 
31458 
13027 
31459 
31460 
13029 
31461 
31462 
13031 
31463 
13032 
31464 
13033 
31465 
13034 
31466 
13035 
31467 
13036 
31468 
13037 
31469 
13038 
31470 
13039 
31471 
13040 
31472 
13041 
31473 
13042 
31474 
13043 
31475 
13044 
31476 
13045 
31477 
31478 
13047 
31479 
31480 
13049 
31481 
31482 
13051 
31483 
31484 
31485 
31486 
31487 
31488 
31489 
31490 
31491 
31492 
31493 
31494 
31495 
31496 
31497 
31498 
31499 
31500 
31501 
31502 
31503 
31504 
31505 
31506 
31507 
31508 
31509 
31510 
31511 
31512 
58137 
31513 
58138 
31514 
58139 
31515 
58140 
31516 
58141 
31517 
58142 
31518 
58143 
31519 
31520 
31521 
31522 
31523 
31524 
31525 
31526 
31527 
31528 
31529 
31530 
31531 
31532 
31533 
31534 
58159 
31535 
58160 
31536 
31537 
58162 
31538 
31539 
31540 
58165 
31541 
58166 
31542 
58167 
31543 
58168 
58169 
58170 
58171 
31552 
31554 
31555 
58187 
58189 
31565 
31566 
58191 
31567 
31568 
31569 
31570 
31571 
31580 
31581 
58207 
31583 
58208 
58209 
58210 
58211 
58212 
58213 
870 
58215 
871 
58216 
872 
58218 
35702 
35703 
35704 
35705 
35706 
35707 
35708 
35717 
35719 
35721 
906 
907 
35730 
35731 
35732 
35733 
35734 
29591 
35735 
29592 
35736 
29593 
13210 
29594 
29595 
29596 
13213 
29597 
13214 
29598 
29599 
29600 
13217 
29601 
35745 
29602 
35746 
29603 
13220 
29604 
35748 
13221 
29605 
29606 
29607 
35751 
29608 
35752 
29609 
35753 
29610 
35754 
29611 
35755 
35756 
35757 
35758 
35759 
35760 
35761 
35762 
35763 
35764 
35765 
35766 
35767 
35768 
35769 
35770 
35771 
35772 
35773 
35774 
35775 
35776 
35777 
35778 
35779 
35780 
35781 
35782 
35783 
35784 
35785 
35786 
35787 
35788 
35789 
35790 
35791 
35792 
35793 
35794 
35795 
35796 
35797 
35798 
35799 
35800 
35801 
35802 
35803 
35804 
35805 
35806 
35807 
35808 
35809 
35810 
35811 
35812 
35813 
35814 
35815 
35816 
35817 
35818 
35819 
35820 
35821 
35822 
35823 
35824 
35825 
11250 
35826 
35827 
11252 
35828 
35829 
11254 
35830 
35831 
11256 
35832 
11257 
35833 
11258 
35834 
11259 
35835 
11260 
35836 
11261 
35837 
11262 
35838 
11263 
35839 
11264 
35840 
11265 
35841 
11266 
35842 
11267 
35843 
11268 
35844 
11269 
35845 
11270 
35846 
35847 
11272 
35848 
11274 
11276 
29711 
29713 
35857 
29715 
35859 
29717 
35861 
29718 
29719 
29720 
29721 
29722 
29723 
35870 
35871 
35872 
35873 
35874 
35875 
35876 
35885 
35886 
35888 
40007 
40008 
40009 
40010 
40011 
40012 
40013 
40022 
40024 
40026 
40035 
40036 
40037 
40038 
40039 
40040 
40041 
40050 
40051 
40053 
40056 
40057 
40058 
40059 
40060 
40061 
40062 
40063 
40064 
40065 
40066 
40067 
40068 
40069 
40070 
40071 
40072 
40073 
40074 
40075 
40076 
40077 
40078 
40079 
40080 
40081 
40082 
40083 
40084 
40085 
40086 
40087 
40088 
40089 
40090 
40091 
40092 
40093 
40094 
27806 
40095 
27807 
40096 
27808 
40097 
27809 
40098 
27810 
40099 
27811 
40100 
27812 
40101 
27813 
40102 
27814 
40103 
27815 
40104 
27816 
40105 
27817 
40106 
27818 
40107 
11435 
27819 
40108 
27820 
40109 
27821 
40110 
11438 
27822 
40111 
11439 
27823 
40112 
27824 
40113 
27825 
40114 
11442 
27826 
40115 
40116 
40117 
11445 
40118 
11446 
40119 
40120 
40121 
40122 
40123 
40124 
40125 
40126 
40127 
40128 
40129 
40130 
40131 
40132 
40133 
40134 
40135 
40136 
40137 
40138 
40139 
40140 
40141 
40142 
40143 
40144 
40145 
40146 
40147 
40148 
40149 
40150 
40151 
40152 
40153 
40162 
40164 
40166 
40175 
40176 
40177 
40178 
40179 
40180 
40181 
40190 
40191 
40193 
9475 
9477 
9479 
9481 
9482 
9483 
9484 
9485 
9486 
9487 
9488 
9489 
1298 
9490 
1299 
9491 
1300 
9492 
9493 
9494 
27926 
9495 
44312 
27928 
44313 
9497 
44314 
27930 
44315 
9499 
44316 
27932 
44317 
9501 
27933 
44318 
27934 
27935 
27936 
27937 
27938 
44327 
44329 
44331 
44340 
44341 
44342 
1334 
44343 
1335 
44344 
44345 
44346 
44355 
44356 
44358 
44361 
44362 
44363 
44364 
44365 
44366 
44367 
44368 
44369 
44370 
44371 
44372 
44373 
44374 
44375 
44376 
44377 
44378 
44379 
44380 
44381 
44382 
44383 
44384 
44385 
44386 
44387 
44388 
44389 
44390 
44391 
44392 
44393 
44394 
44395 
44396 
44397 
44398 
44399 
44400 
44401 
44402 
44403 
44404 
44405 
44406 
44407 
44408 
44409 
44410 
44411 
44412 
44413 
44414 
44415 
44416 
44417 
44418 
44419 
44420 
44421 
44422 
44423 
44424 
44425 
44426 
44427 
44428 
44429 
44430 
44431 
44432 
44433 
44434 
44435 
44436 
44437 
44438 
44439 
44440 
44441 
44442 
44443 
44444 
44445 
44446 
44447 
44448 
44449 
44450 
44451 
44452 
44453 
44454 
44455 
44456 
44457 
44458 
44467 
44469 
44471 
9660 
9663 
44480 
9664 
44481 
44482 
44483 
9667 
44484 
44485 
44486 
9670 
9671 
44495 
44496 
44498 
48617 
48618 
30186 
48619 
30187 
48620 
30188 
48621 
30189 
48622 
30190 
48623 
30191 
30192 
30193 
30194 
30195 
30196 
30197 
30198 
30199 
48632 
30200 
30201 
48634 
30202 
30203 
48636 
30204 
30205 
30206 
48645 
48646 
48647 
48648 
48649 
48650 
48651 
48660 
7700 
48661 
7702 
48663 
7704 
48666 
7706 
48667 
7707 
48668 
7708 
48669 
7709 
48670 
7710 
48671 
7711 
48672 
7712 
48673 
7713 
48674 
7714 
48675 
7715 
48676 
7716 
48677 
7717 
48678 
7718 
48679 
7719 
48680 
7720 
48681 
48682 
7722 
48683 
48684 
7724 
48685 
48686 
7726 
48687 
48688 
48689 
48690 
48691 
32307 
48692 
32308 
48693 
32309 
48694 
32310 
48695 
32311 
48696 
32312 
48697 
32313 
48698 
48699 
48700 
48701 
48702 
48703 
48704 
48705 
48706 
48707 
48708 
48709 
48710 
48711 
48712 
48713 
32329 
48714 
32330 
48715 
48716 
32332 
48717 
48718 
48719 
32335 
48720 
32336 
48721 
32337 
48722 
32338 
48723 
32339 
48724 
32340 
48725 
32341 
48726 
48727 
48728 
48729 
48730 
48731 
48732 
48733 
48734 
48735 
48736 
48737 
48738 
30306 
48739 
48740 
30308 
48741 
32357 
48742 
30310 
48743 
32359 
48744 
30312 
32360 
48745 
30313 
48746 
30314 
48747 
30315 
48748 
30316 
48749 
30317 
48750 
30318 
48751 
48752 
48753 
48754 
48755 
48756 
48757 
48758 
48759 
48760 
48761 
32377 
48762 
32378 
48763 
32379 
32380 
32381 
32382 
32383 
32385 
32386 
48772 
32388 
48774 
48776 
48785 
48786 
48787 
48788 
48789 
48790 
48791 
48800 
48801 
48803 
52922 
52923 
52924 
52925 
52926 
1726 
52927 
1727 
52928 
1728 
52937 
52939 
52941 
7885 
7888 
7889 
7892 
52950 
52951 
7895 
52952 
7896 
52953 
52954 
52955 
52956 
1762 
1763 
52965 
52966 
52968 
52971 
52972 
52973 
52974 
52975 
52976 
52977 
28401 
52978 
28402 
52979 
28403 
52980 
28404 
52981 
28405 
52982 
28406 
52983 
28407 
52984 
28408 
52985 
28409 
52986 
28410 
52987 
28411 
52988 
28412 
52989 
28413 
52990 
28414 
52991 
28415 
52992 
28416 
52993 
28417 
52994 
28418 
52995 
28419 
52996 
28420 
36612 
52997 
28421 
36613 
52998 
36614 
52999 
36615 
53000 
36616 
53001 
36617 
53002 
36618 
53003 
53004 
53005 
53006 
53007 
53008 
53009 
53010 
53011 
53012 
53013 
53014 
53015 
53016 
53017 
53018 
36634 
53019 
36635 
53020 
53021 
36637 
53022 
53023 
53024 
36640 
53025 
36641 
53026 
36642 
53027 
36643 
53028 
36644 
53029 
36645 
53030 
36646 
53031 
53032 
53033 
53034 
53035 
53036 
53037 
53038 
53039 
53040 
53041 
53042 
53043 
53044 
53045 
53046 
36662 
53047 
53048 
36664 
53049 
53050 
36666 
53051 
53052 
53053 
53054 
53055 
53056 
53057 
53058 
53059 
53060 
53061 
53062 
53063 
53064 
53065 
53066 
36682 
53067 
36683 
53068 
36684 
36685 
36686 
36687 
36688 
36690 
36691 
53077 
36693 
53079 
53081 
53090 
53091 
53092 
53093 
53094 
53095 
53096 
28521 
28523 
28525 
28527 
28528 
53105 
28529 
53106 
28530 
28531 
53108 
28532 
28533 
57227 
57228 
57229 
57230 
57231 
57232 
57233 
57242 
57244 
57246 
57255 
57256 
57257 
57258 
57259 
57260 
57261 
18350 
18352 
18354 
18356 
18357 
57270 
18358 
57271 
18359 
18360 
57273 
18361 
18362 
18363 
57276 
18364 
57277 
18365 
57278 
18366 
57279 
18367 
57280 
18368 
57281 
18369 
57282 
18370 
57283 
57284 
18372 
57285 
57286 
18374 
57287 
57288 
18376 
57289 
57290 
57291 
57292 
57293 
57294 
57295 
57296 
57297 
57298 
57299 
57300 
57301 
40917 
57302 
40918 
57303 
40919 
57304 
40920 
57305 
40921 
57306 
40922 
57307 
40923 
57308 
57309 
57310 
57311 
57312 
57313 
57314 
57315 
57316 
57317 
57318 
57319 
57320 
57321 
57322 
57323 
40939 
57324 
40940 
57325 
57326 
40942 
57327 
57328 
57329 
40945 
57330 
40946 
57331 
40947 
57332 
40948 
57333 
40949 
57334 
40950 
57335 
40951 
57336 
57337 
57338 
57339 
57340 
57341 
57342 
57343 
)

// ************************************************************************* //
