/*--------------------------------*- C++ -*----------------------------------*\
| =========                 |                                                 |
| \\      /  F ield         | OpenFOAM: The Open Source CFD Toolbox           |
|  \\    /   O peration     | Version:  5.x                                   |
|   \\  /    A nd           | Web:      www.OpenFOAM.org                      |
|    \\/     M anipulation  |                                                 |
\*---------------------------------------------------------------------------*/
FoamFile
{
    version     2.0;
    format      ascii;
    class       faceSet;
    location    "constant/polyMesh/sets";
    object      groundSurfaceFaces;
}
// * * * * * * * * * * * * * * * * * * * * * * * * * * * * * * * * * * * * * //


2146
(
188416 
188417 
188418 
188419 
188420 
188421 
188422 
188423 
188424 
188425 
188426 
188427 
188428 
188429 
188430 
188431 
188432 
188433 
188434 
188435 
188436 
188437 
188438 
188439 
188440 
188441 
188442 
188443 
188444 
188445 
188446 
188447 
188448 
188449 
188450 
188451 
188452 
188453 
188454 
188455 
188456 
188457 
188458 
188459 
188460 
188461 
188462 
188463 
188464 
188465 
188466 
188467 
188468 
188469 
188470 
188471 
188472 
188473 
188474 
188475 
188476 
188477 
188478 
188479 
188480 
188481 
188482 
188483 
188484 
188485 
188486 
188487 
188488 
188489 
188490 
188491 
188492 
188493 
188494 
188495 
188496 
188497 
188498 
188499 
188500 
188501 
188502 
188503 
188504 
188505 
188506 
188507 
188508 
188509 
188510 
188511 
188512 
188513 
188514 
188515 
188516 
188517 
188518 
188519 
188520 
188521 
188522 
188523 
188524 
188525 
188526 
188527 
188528 
188529 
188530 
188531 
188532 
188533 
188534 
188535 
188536 
188537 
188538 
188539 
188540 
188541 
188542 
188543 
188544 
188545 
188546 
188547 
188548 
188549 
188550 
188551 
188552 
188553 
188554 
188555 
188556 
188557 
188558 
188559 
188560 
188561 
188562 
188563 
188564 
188565 
188566 
188567 
188568 
188569 
188570 
188571 
188572 
188573 
188574 
188575 
188576 
188577 
188578 
188579 
188580 
188581 
188582 
188583 
188584 
188585 
188586 
188587 
188588 
188589 
188590 
188591 
188592 
188593 
188594 
188595 
188596 
188597 
188598 
188599 
188600 
188601 
188602 
188603 
188604 
188605 
188606 
188607 
188608 
188609 
188610 
188611 
188612 
188613 
188614 
188615 
188616 
188617 
188618 
188619 
188620 
188621 
188622 
188623 
188624 
188625 
188626 
188627 
188628 
188629 
188630 
188631 
188632 
188633 
188634 
188635 
188636 
188637 
188638 
188639 
188640 
188641 
188642 
188643 
188644 
188645 
188646 
188647 
188648 
188649 
188650 
188651 
188652 
188653 
188654 
188655 
188656 
188657 
188658 
188659 
188660 
188661 
188662 
188663 
188664 
188665 
188666 
188667 
188668 
188669 
188670 
188671 
188672 
188673 
188674 
188675 
188676 
188677 
188678 
188679 
188680 
188681 
188682 
188683 
188684 
188685 
188686 
188687 
188688 
188689 
188690 
188691 
188692 
188693 
188694 
188695 
188696 
188697 
188698 
188699 
188700 
188701 
188702 
188703 
188704 
188705 
188706 
188707 
188708 
188709 
188710 
188711 
188712 
188713 
188714 
188715 
188716 
188717 
188718 
188719 
188720 
188721 
188722 
188723 
188724 
188725 
188726 
188727 
188728 
188729 
188730 
188731 
188732 
188733 
188734 
188735 
188736 
188737 
188738 
188739 
188740 
188741 
188742 
188743 
188744 
188745 
188746 
188747 
188748 
188749 
188750 
188751 
188752 
188753 
188754 
188755 
188756 
188757 
188758 
188759 
188760 
188761 
188762 
188763 
188764 
188765 
188766 
188767 
188768 
188769 
188770 
188771 
188772 
188773 
188774 
188775 
188776 
188777 
188778 
188779 
188780 
188781 
188782 
188783 
188784 
188785 
188786 
188787 
188788 
188789 
188790 
188791 
188792 
188793 
188794 
188795 
188796 
188797 
188798 
188799 
188800 
188801 
188802 
188803 
188804 
188805 
188806 
188807 
188808 
188809 
188810 
188811 
188812 
188813 
188814 
188815 
188816 
188817 
188818 
188819 
188820 
188821 
188822 
188823 
188824 
188825 
188826 
188827 
188828 
188829 
188830 
188831 
188832 
188833 
188834 
188835 
188836 
188837 
188838 
188839 
188840 
188841 
188842 
188843 
188844 
188845 
188846 
188847 
188848 
188849 
188850 
188851 
188852 
188853 
188854 
188855 
188856 
188857 
188858 
188859 
188860 
188861 
188862 
188863 
188864 
188865 
188866 
188867 
188868 
188869 
188870 
188871 
188872 
188873 
188874 
188875 
188876 
188877 
188878 
188879 
188880 
188881 
188882 
188883 
188884 
188885 
188886 
188887 
188888 
188889 
188890 
188891 
188892 
188893 
188894 
188895 
188896 
188897 
188898 
188899 
188900 
188901 
188902 
188903 
188904 
188905 
188906 
188907 
188908 
188909 
188910 
188911 
188912 
188913 
188914 
188915 
188916 
188917 
188918 
188919 
188920 
188921 
188922 
188923 
188924 
188925 
188926 
188927 
188928 
188929 
188930 
188931 
188932 
188933 
188934 
188935 
188936 
188937 
188938 
188939 
188940 
188941 
188942 
188943 
188944 
188945 
188946 
188947 
188948 
188949 
188950 
188951 
188952 
188953 
188954 
188955 
188956 
188957 
188958 
188959 
188960 
188961 
188962 
188963 
188964 
188965 
188966 
188967 
188968 
188969 
188970 
188971 
188972 
188973 
188974 
188975 
188976 
188977 
188978 
188979 
188980 
188981 
188982 
188983 
188984 
188985 
188986 
188987 
188988 
188989 
188990 
188991 
188992 
186791 
186792 
186793 
186794 
186795 
186796 
186797 
186798 
186799 
186800 
186801 
186802 
186803 
186804 
186805 
186806 
186807 
186808 
186809 
186810 
186811 
186812 
186813 
186814 
186815 
186816 
186817 
186818 
186819 
186820 
186821 
186822 
186823 
186824 
186825 
186826 
186827 
186828 
186829 
186830 
186831 
186832 
186833 
186834 
186835 
186836 
186837 
186838 
186839 
186840 
186841 
186842 
186843 
186844 
186845 
186846 
186847 
186848 
186849 
186850 
186851 
186852 
186853 
186854 
186855 
186856 
186857 
186858 
186859 
186860 
186861 
186862 
186863 
186864 
186865 
186866 
186867 
186868 
186869 
186870 
186871 
186872 
186873 
186874 
186875 
186876 
186877 
186878 
186879 
186880 
186881 
186882 
186883 
186884 
186885 
186886 
186887 
186888 
186889 
186890 
186891 
186892 
186893 
186894 
186895 
186896 
186897 
186898 
186899 
186900 
186901 
186902 
186903 
186904 
186905 
186906 
186907 
186908 
186909 
186910 
186911 
186912 
186913 
186914 
186915 
186916 
186917 
186918 
186919 
186920 
186921 
186922 
186923 
186924 
186925 
186926 
186927 
186928 
186929 
186930 
186931 
186932 
186933 
186934 
186935 
186936 
186937 
186938 
186939 
186940 
186941 
186942 
186943 
186944 
186945 
186946 
186947 
186948 
186949 
186950 
186951 
186952 
186953 
186954 
186955 
186956 
186957 
186958 
186961 
186962 
186963 
186964 
186965 
186966 
186967 
186968 
186969 
186970 
186973 
186974 
186975 
186976 
186977 
186978 
186979 
186980 
186981 
186982 
186984 
186985 
186986 
186987 
186988 
186989 
186990 
186991 
186992 
186993 
186994 
186995 
186996 
186997 
186998 
186999 
187000 
187001 
187002 
187003 
187004 
187005 
187006 
187007 
187008 
187009 
187010 
187011 
187012 
187013 
187014 
187015 
187016 
187017 
187018 
187019 
187020 
187021 
187022 
187023 
187024 
187025 
187026 
187027 
187028 
187029 
187030 
187031 
187032 
187033 
187034 
187035 
187036 
187037 
187038 
187039 
187040 
187041 
187042 
187043 
187044 
187045 
187046 
187047 
187048 
187049 
187050 
187051 
187052 
187053 
187054 
187055 
187056 
187057 
187058 
187059 
187060 
187061 
187062 
187063 
187064 
187065 
187066 
187067 
187068 
187069 
187070 
187071 
187072 
187073 
187074 
187075 
187076 
187077 
187078 
187079 
187080 
187081 
187082 
187083 
187084 
187085 
187086 
187087 
187088 
187089 
187090 
187091 
187092 
187093 
187094 
187095 
187096 
187097 
187098 
187099 
187100 
187101 
187102 
187103 
187104 
187105 
187106 
187107 
187108 
187109 
187110 
187111 
187112 
187113 
187114 
187115 
187116 
187117 
187118 
187119 
187120 
187121 
187122 
187123 
187124 
187125 
187126 
187127 
187128 
187129 
187130 
187131 
187132 
187133 
187134 
187135 
187136 
187137 
187138 
187139 
187140 
187141 
187142 
187143 
187144 
187145 
187146 
187147 
187148 
187149 
187150 
187151 
187152 
187153 
187154 
187155 
187156 
187157 
187158 
187159 
187160 
187161 
187162 
187163 
187164 
187165 
187166 
187167 
187168 
187169 
187170 
187171 
187172 
187173 
187174 
187175 
187176 
187177 
187178 
187179 
187180 
187181 
187182 
187183 
187184 
187185 
187186 
187187 
187188 
187189 
187190 
187191 
187192 
187193 
187194 
187195 
187196 
187197 
187198 
187199 
187200 
187201 
187202 
187203 
187204 
187205 
187206 
187207 
187208 
187209 
187210 
187211 
187212 
187213 
187214 
187215 
187216 
187217 
187218 
187219 
187220 
187221 
187222 
187223 
187224 
187225 
187226 
187227 
187228 
187229 
187230 
187231 
187232 
187233 
187234 
187235 
187236 
187237 
187238 
187239 
187240 
187241 
187242 
187243 
187244 
187245 
187246 
187247 
187248 
187249 
187250 
187251 
187252 
187253 
187254 
187255 
187256 
187257 
187258 
187259 
187260 
187261 
187262 
187263 
187264 
187265 
187266 
187267 
187268 
187269 
187270 
187271 
187272 
187273 
187274 
187275 
187276 
187277 
187278 
187279 
187280 
187281 
187282 
187283 
187284 
187285 
187286 
187287 
187288 
187289 
187290 
187291 
187292 
187293 
187294 
187295 
187296 
187297 
187298 
187299 
187300 
187301 
187302 
187303 
187304 
187305 
187306 
187307 
187308 
187309 
187312 
187313 
187314 
187315 
187316 
187317 
187318 
187319 
187320 
187321 
187322 
187323 
187324 
187325 
187326 
187327 
187328 
187329 
187330 
187331 
187332 
187333 
187334 
187335 
187336 
187337 
187338 
187342 
187343 
187345 
187346 
187347 
187348 
187349 
187350 
187351 
187352 
187353 
187354 
187355 
187356 
187357 
187358 
187359 
187360 
187361 
187362 
187363 
187364 
187365 
187366 
187367 
187368 
187372 
187373 
187375 
187376 
187377 
187378 
187379 
187380 
187381 
187382 
187383 
187384 
187385 
187386 
187387 
187388 
187389 
187390 
187391 
187392 
187393 
187394 
187395 
187396 
187397 
187398 
187400 
187401 
187402 
187403 
187404 
187405 
187406 
187407 
187408 
187409 
187410 
187411 
187412 
187413 
187414 
187415 
187416 
187417 
187418 
187419 
187420 
187421 
187422 
187423 
187424 
187425 
187426 
187427 
187428 
187429 
187430 
187431 
187432 
187433 
187434 
187435 
187436 
187437 
187438 
187439 
187440 
187441 
187442 
187443 
187444 
187445 
187446 
187447 
187448 
187449 
187450 
187451 
187452 
187453 
187454 
187455 
187456 
187457 
187458 
187459 
187460 
187461 
187462 
187463 
187464 
187465 
187466 
187467 
187468 
187469 
187470 
187471 
187472 
187473 
187474 
187475 
187476 
187477 
187478 
187479 
187480 
187481 
187482 
187483 
187484 
187485 
187486 
187487 
187488 
187489 
187490 
187491 
187492 
187493 
187494 
187495 
187496 
187497 
187498 
187499 
187500 
187501 
187502 
187503 
187504 
187505 
187506 
187507 
187508 
187509 
187510 
187511 
187512 
187513 
187514 
187515 
187516 
187517 
187518 
187519 
187520 
187521 
187522 
187523 
187524 
187525 
187526 
187527 
187528 
187529 
187530 
187531 
187532 
187533 
187534 
187535 
187536 
187537 
187538 
187539 
187540 
187541 
187542 
187543 
187544 
187545 
187546 
187547 
187548 
187549 
187550 
187551 
187552 
187553 
187554 
187555 
187556 
187557 
187558 
187559 
187560 
187561 
187562 
187563 
187564 
187565 
187566 
187567 
187568 
187569 
187570 
187571 
187572 
187573 
187574 
187575 
187576 
187577 
187578 
187579 
187580 
187581 
187582 
187583 
187584 
187585 
187586 
187587 
187588 
187589 
187590 
187591 
187592 
187593 
187594 
187595 
187596 
187597 
187598 
187599 
187600 
187601 
187602 
187603 
187604 
187605 
187606 
187607 
187608 
187609 
187610 
187611 
187612 
187613 
187614 
187615 
187616 
187617 
187618 
187619 
187620 
187621 
187622 
187623 
187624 
187625 
187626 
187627 
187628 
187629 
187630 
187631 
187632 
187633 
187634 
187635 
187636 
187637 
187638 
187639 
187640 
187641 
187642 
187643 
187644 
187645 
187646 
187647 
187648 
187649 
187650 
187651 
187652 
187653 
187654 
187655 
187656 
187657 
187658 
187659 
187660 
187661 
187662 
187663 
187664 
187665 
187666 
187667 
187668 
187669 
187670 
187671 
187672 
187673 
187674 
187675 
187676 
187677 
187678 
187679 
187680 
187681 
187682 
187683 
187684 
187685 
187686 
187687 
187688 
187689 
187690 
187691 
187692 
187693 
187694 
187695 
187696 
187697 
187698 
187699 
187700 
187701 
187702 
187703 
187704 
187705 
187706 
187707 
187708 
187709 
187710 
187711 
187712 
187713 
187714 
187715 
187716 
187717 
187718 
187719 
187720 
187721 
187722 
187723 
187724 
187725 
187726 
187727 
187728 
187729 
187730 
187731 
187732 
187733 
187734 
187735 
187736 
187737 
187738 
187739 
187740 
187741 
187742 
187743 
187744 
187745 
187746 
187747 
187748 
187749 
187750 
187751 
187752 
187753 
187754 
187755 
187756 
187757 
187758 
187759 
187760 
187761 
187762 
187763 
187764 
187765 
187766 
187767 
187768 
187769 
187770 
187771 
187772 
187773 
187774 
187775 
187776 
187777 
187778 
187779 
187780 
187781 
187782 
187783 
187784 
187785 
187786 
187787 
187788 
187789 
187790 
187791 
187792 
187793 
187794 
187795 
187796 
187797 
187798 
187799 
187800 
187801 
187802 
187803 
187804 
187805 
187806 
187807 
187808 
187809 
187810 
187811 
187812 
187813 
187814 
187815 
187816 
187817 
187818 
187819 
187820 
187821 
187822 
187823 
187824 
187825 
187826 
187827 
187828 
187829 
187830 
187831 
187832 
187833 
187834 
187835 
187836 
187837 
187838 
187839 
187840 
187841 
187842 
187843 
187844 
187845 
187846 
187847 
187848 
187849 
187850 
187851 
187852 
187853 
187854 
187855 
187856 
187857 
187858 
187859 
187860 
187861 
187862 
187863 
187864 
187865 
187866 
187867 
187868 
187869 
187870 
187871 
187872 
187873 
187874 
187875 
187876 
187877 
187878 
187879 
187880 
187881 
187882 
187883 
187884 
187885 
187886 
187887 
187888 
187889 
187890 
187891 
187892 
187893 
187894 
187895 
187896 
187897 
187898 
187899 
187900 
187901 
187902 
187903 
187904 
187905 
187906 
187907 
187908 
187909 
187910 
187911 
187912 
187913 
187914 
187915 
187916 
187917 
187918 
187919 
187920 
187921 
187922 
187923 
187924 
187925 
187926 
187927 
187928 
187929 
187930 
187931 
187932 
187933 
187934 
187935 
187936 
187937 
187938 
187939 
187940 
187941 
187942 
187943 
187944 
187945 
187946 
187947 
187948 
187949 
187950 
187951 
187952 
187953 
187954 
187955 
187956 
187957 
187958 
187959 
187960 
187961 
187962 
187963 
187964 
187965 
187966 
187967 
187968 
187969 
187970 
187971 
187972 
187973 
187974 
187975 
187976 
187977 
187978 
187979 
187980 
187981 
187982 
187983 
187984 
187985 
187986 
187987 
187988 
187989 
187990 
187991 
187995 
187996 
187998 
187999 
188000 
188001 
188002 
188003 
188004 
188005 
188006 
188013 
188014 
188015 
188016 
188017 
188018 
188019 
188020 
188021 
188025 
188026 
188027 
188028 
188029 
188030 
188031 
188032 
188033 
188034 
188035 
188036 
188037 
188038 
188039 
188040 
188041 
188042 
188043 
188044 
188045 
188046 
188047 
188048 
188049 
188050 
188051 
188052 
188053 
188054 
188055 
188056 
188057 
188058 
188059 
188060 
188061 
188062 
188063 
188064 
188065 
188066 
188067 
188068 
188069 
188070 
188071 
188072 
188073 
188074 
188075 
188076 
188077 
188078 
188079 
188080 
188081 
188082 
188083 
188084 
188085 
188086 
188087 
188088 
188089 
188090 
188091 
188092 
188093 
188094 
188095 
188096 
188097 
188098 
188099 
188100 
188101 
188102 
188103 
188104 
188105 
188106 
188107 
188108 
188109 
188110 
188111 
188112 
188113 
188114 
188115 
188116 
188117 
188118 
188119 
188120 
188121 
188122 
188123 
188124 
188125 
188126 
188127 
188128 
188129 
188130 
188131 
188132 
188133 
188134 
188135 
188136 
188137 
188138 
188139 
188140 
188141 
188142 
188143 
188144 
188145 
188146 
188147 
188148 
188149 
188150 
188151 
188152 
188153 
188154 
188155 
188156 
188157 
188158 
188159 
188160 
188161 
188162 
188163 
188164 
188165 
188166 
188167 
188168 
188169 
188170 
188171 
188172 
188173 
188174 
188175 
188176 
188177 
188178 
188179 
188180 
188181 
188182 
188183 
188184 
188185 
188186 
188187 
188188 
188189 
188190 
188191 
188192 
188193 
188194 
188195 
188196 
188197 
188198 
188199 
188200 
188201 
188202 
188203 
188204 
188205 
188206 
188207 
188208 
188209 
188210 
188211 
188212 
188213 
188214 
188215 
188216 
188217 
188218 
188219 
188220 
188221 
188222 
188223 
188224 
188225 
188226 
188227 
188228 
188229 
188230 
188231 
188232 
188233 
188234 
188235 
188236 
188237 
188238 
188239 
188240 
188241 
188242 
188243 
188244 
188245 
188246 
188247 
188248 
188249 
188250 
188251 
188252 
188253 
188254 
188255 
188256 
188257 
188258 
188259 
188260 
188261 
188262 
188263 
188264 
188266 
188267 
188271 
188272 
188273 
188274 
188275 
188276 
188277 
188278 
188279 
188280 
188281 
188282 
188283 
188284 
188285 
188286 
188287 
188288 
188289 
188290 
188291 
188292 
188293 
188294 
188295 
188296 
188297 
188298 
188299 
188300 
188301 
188302 
188303 
188304 
188305 
188306 
188316 
188317 
188318 
188319 
188320 
188321 
188325 
188326 
188327 
188328 
188329 
188330 
188331 
188332 
188333 
188334 
188335 
188336 
188337 
188338 
188339 
188340 
188341 
188342 
188343 
188344 
188345 
188346 
188347 
188348 
188349 
188350 
188351 
188361 
188362 
188363 
188364 
188365 
188366 
188368 
188369 
188370 
188371 
188372 
188373 
188374 
188375 
188376 
188377 
188378 
188379 
188380 
188381 
188382 
188383 
188384 
188385 
188386 
188387 
188388 
188389 
188390 
188391 
188392 
188393 
188394 
188395 
188396 
188397 
188398 
188400 
188401 
188402 
188403 
188404 
188405 
188406 
188407 
188408 
188409 
188410 
188411 
188412 
188413 
188414 
188415 
)

// ************************************************************************* //
