/*--------------------------------*- C++ -*----------------------------------*\
| =========                 |                                                 |
| \\      /  F ield         | OpenFOAM: The Open Source CFD Toolbox           |
|  \\    /   O peration     | Version:  5.x                                   |
|   \\  /    A nd           | Web:      www.OpenFOAM.org                      |
|    \\/     M anipulation  |                                                 |
\*---------------------------------------------------------------------------*/
FoamFile
{
    version     2.0;
    format      ascii;
    class       cellSet;
    location    "constant/polyMesh/sets";
    object      refineCells;
}
// * * * * * * * * * * * * * * * * * * * * * * * * * * * * * * * * * * * * * //


4900
(
13 
14 
15 
16 
17 
18 
19 
20 
21 
22 
23 
24 
25 
26 
27 
28 
29 
8227 
8229 
8231 
8233 
8234 
8235 
8236 
8237 
8238 
8239 
8240 
49 
8241 
50 
8242 
51 
8243 
52 
8244 
53 
8245 
54 
8246 
55 
8247 
56 
8248 
57 
8249 
58 
8250 
59 
8251 
60 
8252 
61 
8253 
62 
8254 
63 
8255 
64 
8256 
65 
8257 
8258 
8259 
8260 
8261 
8262 
8263 
8264 
8265 
8266 
8267 
8268 
8269 
8270 
8271 
8272 
8273 
8274 
8275 
8276 
85 
8277 
86 
8278 
87 
8279 
88 
8280 
89 
8281 
90 
8282 
91 
8283 
92 
8284 
93 
8285 
94 
8286 
95 
8287 
96 
8288 
97 
8289 
98 
8290 
99 
8291 
100 
8292 
101 
8293 
8294 
8295 
8296 
8297 
8298 
8299 
8300 
8301 
8302 
8303 
8304 
8305 
8306 
8307 
8308 
8309 
8310 
8311 
8312 
121 
8313 
122 
8314 
123 
8315 
124 
8316 
125 
8317 
126 
8318 
127 
8319 
128 
8320 
129 
8321 
130 
8322 
131 
8323 
132 
8324 
133 
8325 
134 
8326 
135 
8327 
136 
8328 
137 
8329 
8330 
8331 
8332 
8333 
8334 
8335 
8336 
8337 
8338 
8339 
8340 
8341 
8342 
8343 
8344 
8345 
8346 
8347 
8348 
157 
8349 
158 
8350 
159 
8351 
160 
8352 
161 
162 
163 
164 
165 
166 
167 
168 
169 
170 
171 
172 
173 
16568 
16570 
16572 
16574 
16575 
16576 
16577 
16578 
16579 
16580 
16581 
16582 
16583 
16584 
16585 
16586 
16587 
16588 
16589 
16590 
16591 
16592 
16593 
16594 
16595 
16596 
16597 
8405 
16598 
16599 
8407 
16600 
16601 
8409 
16602 
16603 
8411 
16604 
8412 
16605 
8413 
16606 
8414 
16607 
8415 
16608 
8416 
16609 
8417 
16610 
8418 
16611 
8419 
16612 
8420 
16613 
8421 
16614 
8422 
16615 
8423 
16616 
8424 
16617 
8425 
16618 
8426 
16619 
8427 
16620 
8428 
16621 
8429 
16622 
8430 
16623 
8431 
16624 
8432 
16625 
8433 
16626 
8434 
16627 
8435 
16628 
8436 
16629 
8437 
16630 
8438 
16631 
8439 
16632 
8440 
16633 
8441 
16634 
8442 
16635 
8443 
16636 
8444 
16637 
8445 
16638 
8446 
16639 
8447 
16640 
8448 
16641 
8449 
16642 
8450 
16643 
8451 
16644 
8452 
16645 
8453 
16646 
8454 
16647 
8455 
16648 
8456 
16649 
8457 
16650 
8458 
16651 
8459 
16652 
8460 
16653 
8461 
16654 
8462 
16655 
8463 
16656 
8464 
16657 
8465 
16658 
8466 
16659 
8467 
16660 
8468 
16661 
8469 
16662 
8470 
16663 
8471 
16664 
8472 
16665 
8473 
16666 
8474 
16667 
8475 
16668 
8476 
16669 
8477 
16670 
8478 
16671 
8479 
16672 
8480 
16673 
8481 
16674 
8482 
16675 
8483 
16676 
8484 
16677 
8485 
16678 
8486 
16679 
8487 
16680 
8488 
16681 
8489 
16682 
8490 
16683 
8491 
16684 
8492 
16685 
8493 
16686 
8494 
16687 
8495 
16688 
8496 
16689 
8497 
16690 
8498 
16691 
8499 
16692 
8500 
16693 
8501 
8502 
8503 
8504 
8505 
8506 
8507 
8508 
8509 
8510 
8511 
8512 
8513 
8514 
8515 
8516 
8517 
8518 
8519 
8520 
8521 
8522 
8523 
8524 
8525 
8526 
8527 
8528 
8529 
8530 
16746 
16748 
16750 
16752 
16753 
16754 
16755 
16756 
16757 
16758 
16759 
16760 
16761 
16762 
16763 
16764 
16765 
16766 
16767 
16768 
16769 
16770 
16771 
16772 
16773 
16774 
16775 
16776 
16777 
16778 
16779 
16780 
16781 
16782 
16783 
16784 
16785 
16786 
16787 
16788 
16789 
16790 
16791 
16792 
16793 
16794 
16795 
16796 
16797 
16798 
16799 
16800 
16801 
16802 
16803 
16804 
16805 
16806 
16807 
16808 
16809 
16810 
16811 
16812 
16813 
16814 
16815 
16816 
16817 
16818 
16819 
16820 
16821 
16822 
16823 
16824 
16825 
441 
16826 
442 
16827 
443 
16828 
444 
16829 
445 
16830 
446 
16831 
447 
16832 
448 
16833 
449 
16834 
450 
16835 
451 
16836 
452 
16837 
453 
16838 
454 
16839 
455 
16840 
456 
16841 
457 
16842 
16843 
16844 
16845 
16846 
16847 
16848 
16849 
16850 
16851 
16852 
16853 
16854 
16855 
16856 
16857 
16858 
16859 
16860 
16861 
477 
16862 
478 
16863 
479 
16864 
480 
16865 
481 
16866 
482 
16867 
483 
16868 
484 
16869 
485 
16870 
486 
16871 
487 
488 
489 
490 
491 
492 
493 
513 
514 
515 
516 
517 
518 
519 
520 
521 
522 
523 
524 
525 
526 
527 
528 
529 
16924 
16926 
16928 
16930 
16931 
16932 
16933 
549 
16934 
550 
16935 
551 
16936 
552 
16937 
553 
16938 
554 
16939 
555 
16940 
556 
16941 
557 
16942 
558 
16943 
559 
16944 
560 
16945 
561 
16946 
562 
16947 
563 
16948 
564 
16949 
565 
16950 
16951 
16952 
16953 
16954 
16955 
16956 
16957 
16958 
16959 
16960 
16961 
16962 
16963 
16964 
16965 
16966 
16967 
16968 
16969 
585 
16970 
586 
16971 
587 
16972 
588 
16973 
589 
16974 
590 
16975 
591 
16976 
592 
16977 
593 
16978 
594 
16979 
595 
16980 
596 
16981 
597 
16982 
598 
16983 
599 
16984 
600 
16985 
601 
16986 
16987 
16988 
16989 
16990 
16991 
16992 
16993 
16994 
16995 
16996 
16997 
16998 
16999 
17000 
17001 
17002 
17003 
17004 
17005 
17006 
17007 
17008 
17009 
17010 
17011 
17012 
17013 
17014 
17015 
17016 
17017 
17018 
17019 
17020 
17021 
17022 
17023 
17024 
17025 
17026 
17027 
17028 
17029 
17030 
17031 
17032 
17033 
17034 
17035 
17036 
17037 
17038 
17039 
17040 
17041 
17042 
17043 
17044 
17045 
17046 
17047 
17048 
17049 
17102 
17104 
17106 
17108 
17109 
17110 
17111 
17112 
17113 
17114 
17115 
17116 
17117 
17118 
17119 
17120 
17121 
17122 
17123 
17124 
17125 
17126 
17127 
17128 
17129 
17130 
17131 
17132 
17133 
17134 
17135 
17136 
17137 
17138 
17139 
17140 
17141 
17142 
17143 
17144 
17145 
17146 
17147 
17148 
17149 
17150 
17151 
17152 
17153 
17154 
17155 
17156 
17157 
17158 
17159 
17160 
17161 
17162 
17163 
17164 
17165 
17166 
17167 
17168 
17169 
17170 
17171 
17172 
17173 
17174 
17175 
17176 
17177 
17178 
17179 
17180 
17181 
17182 
17183 
17184 
17185 
17186 
17187 
17188 
17189 
17190 
17191 
17192 
17193 
17194 
17195 
17196 
17197 
17198 
17199 
17200 
17201 
17202 
17203 
17204 
17205 
17206 
17207 
17208 
17209 
17210 
17211 
17212 
17213 
17214 
17215 
17216 
17217 
17218 
17219 
17220 
17221 
17222 
17223 
17224 
17225 
17226 
17227 
869 
870 
871 
872 
873 
874 
875 
876 
877 
878 
879 
880 
881 
882 
883 
884 
885 
17280 
17282 
17284 
17286 
17287 
17288 
17289 
905 
17290 
906 
17291 
907 
17292 
908 
17293 
909 
17294 
910 
17295 
911 
17296 
912 
17297 
913 
17298 
914 
17299 
915 
17300 
916 
17301 
917 
17302 
918 
17303 
919 
17304 
920 
17305 
921 
17306 
17307 
17308 
17309 
17310 
17311 
17312 
17313 
17314 
17315 
17316 
17317 
17318 
17319 
17320 
17321 
17322 
17323 
17324 
17325 
941 
17326 
942 
17327 
943 
17328 
944 
17329 
945 
17330 
946 
17331 
947 
17332 
948 
17333 
949 
17334 
950 
17335 
951 
17336 
952 
17337 
953 
17338 
954 
17339 
955 
17340 
956 
17341 
957 
17342 
17343 
17344 
17345 
17346 
17347 
17348 
17349 
17350 
17351 
17352 
17353 
17354 
17355 
17356 
17357 
17358 
17359 
17360 
17361 
977 
17362 
978 
17363 
979 
17364 
980 
17365 
981 
17366 
982 
17367 
983 
17368 
984 
17369 
985 
17370 
986 
17371 
987 
17372 
988 
17373 
989 
17374 
990 
17375 
991 
17376 
992 
17377 
993 
17378 
17379 
17380 
17381 
17382 
17383 
17384 
17385 
17386 
17387 
17388 
17389 
17390 
17391 
17392 
17393 
17394 
17395 
17396 
17397 
1013 
17398 
1014 
17399 
1015 
17400 
1016 
17401 
1017 
17402 
1018 
17403 
1019 
17404 
1020 
17405 
1021 
1022 
1023 
1024 
1025 
1026 
1027 
1028 
1029 
9468 
9470 
9472 
9474 
9475 
9476 
9477 
9478 
9479 
9480 
9481 
9482 
9483 
9484 
9485 
9486 
9487 
9488 
1297 
9489 
1298 
9490 
1299 
9491 
1300 
9492 
1301 
9493 
1302 
9494 
1303 
9495 
1304 
9496 
1305 
9497 
1306 
9498 
1307 
9499 
1308 
9500 
1309 
9501 
1310 
9502 
1311 
9503 
1312 
9504 
1313 
9505 
9506 
9507 
9508 
9509 
9510 
9511 
9512 
9513 
9514 
9515 
9516 
9517 
9518 
9519 
9520 
9521 
9522 
9523 
9524 
1333 
9525 
1334 
9526 
1335 
9527 
1336 
9528 
1337 
9529 
1338 
9530 
1339 
9531 
1340 
9532 
1341 
9533 
1342 
9534 
1343 
9535 
1344 
9536 
1345 
9537 
1346 
9538 
1347 
9539 
1348 
9540 
1349 
9541 
9542 
9543 
9544 
9545 
9546 
9547 
9548 
9549 
9550 
9551 
9552 
9553 
9554 
9555 
9556 
9557 
9558 
9559 
9560 
1369 
9561 
1370 
9562 
1371 
9563 
1372 
9564 
1373 
9565 
1374 
9566 
1375 
9567 
1376 
9568 
1377 
9569 
1378 
9570 
1379 
9571 
1380 
9572 
1381 
9573 
1382 
9574 
1383 
9575 
1384 
9576 
1385 
9577 
9578 
9579 
9580 
9581 
9582 
9583 
9584 
9585 
9586 
9587 
9588 
9589 
9590 
9591 
9592 
9593 
1405 
1406 
1407 
1408 
1409 
1410 
1411 
1412 
1413 
1414 
1415 
1416 
1417 
1418 
1419 
1420 
1421 
1441 
1442 
1443 
1444 
1445 
1446 
1447 
1448 
1449 
1450 
1451 
1452 
1453 
1454 
9646 
1455 
1456 
9648 
1457 
9650 
9652 
9653 
9654 
9655 
9656 
9657 
9658 
9659 
9660 
9661 
9662 
9663 
9664 
9665 
9666 
9667 
9668 
9669 
9670 
9671 
9672 
9673 
9674 
9675 
9676 
9677 
9678 
9679 
9680 
9681 
9682 
9683 
9684 
9685 
9686 
9687 
9688 
9689 
9690 
9691 
9692 
9693 
9694 
9695 
9696 
9697 
9698 
9699 
9700 
9701 
9702 
9703 
9704 
9705 
9706 
9707 
9708 
9709 
9710 
9711 
9712 
9713 
9714 
9715 
9716 
9717 
9718 
9719 
9720 
9721 
9722 
9723 
9724 
9725 
9726 
9727 
9728 
9729 
9730 
9731 
9732 
9733 
9734 
9735 
9736 
9737 
9738 
9739 
9740 
9741 
9742 
9743 
9744 
9745 
9746 
9747 
9748 
9749 
9750 
9751 
9752 
9753 
9754 
9755 
9756 
9757 
9758 
9759 
9760 
9761 
9762 
9763 
9764 
9765 
9766 
9767 
9768 
9769 
9770 
9771 
9824 
9826 
9828 
9830 
9831 
9832 
9833 
9834 
9835 
9836 
9837 
9838 
9839 
9840 
9841 
9842 
9843 
9844 
9845 
9846 
9847 
9848 
9849 
9850 
9851 
9852 
9853 
9854 
9855 
9856 
9857 
9858 
9859 
9860 
9861 
9862 
9863 
9864 
9865 
9866 
9867 
9868 
9869 
9870 
9871 
9872 
9873 
9874 
9875 
9876 
9877 
9878 
9879 
9880 
9881 
9882 
9883 
9884 
9885 
9886 
9887 
9888 
9889 
9890 
9891 
9892 
9893 
9894 
9895 
9896 
9897 
9898 
9899 
9900 
9901 
9902 
9903 
9904 
9905 
9906 
9907 
9908 
9909 
9910 
9911 
9912 
9913 
9914 
9915 
9916 
1725 
9917 
1726 
9918 
1727 
9919 
1728 
9920 
1729 
9921 
1730 
9922 
1731 
9923 
1732 
9924 
1733 
9925 
1734 
9926 
1735 
9927 
1736 
9928 
1737 
9929 
1738 
9930 
1739 
9931 
1740 
9932 
1741 
9933 
9934 
9935 
9936 
9937 
9938 
9939 
9940 
9941 
9942 
9943 
9944 
9945 
9946 
9947 
9948 
9949 
1761 
1762 
1763 
1764 
1765 
1766 
1767 
1768 
1769 
1770 
1771 
1772 
1773 
1774 
1775 
1776 
1777 
1797 
1798 
1799 
1800 
1801 
1802 
1803 
1804 
1805 
1806 
1807 
1808 
1809 
1810 
10002 
1811 
1812 
10004 
1813 
10006 
10008 
10009 
10010 
10011 
10012 
10013 
10014 
10015 
10016 
10017 
10018 
10019 
10020 
10021 
10022 
10023 
10024 
1833 
10025 
1834 
10026 
1835 
10027 
1836 
10028 
1837 
10029 
1838 
10030 
1839 
10031 
1840 
10032 
1841 
10033 
1842 
10034 
1843 
10035 
1844 
10036 
1845 
10037 
1846 
10038 
1847 
10039 
1848 
10040 
1849 
10041 
10042 
10043 
10044 
10045 
10046 
10047 
10048 
10049 
10050 
10051 
10052 
10053 
10054 
10055 
10056 
10057 
10058 
10059 
10060 
1869 
10061 
1870 
10062 
1871 
10063 
1872 
10064 
1873 
10065 
1874 
10066 
1875 
10067 
1876 
10068 
1877 
10069 
1878 
10070 
1879 
10071 
1880 
10072 
1881 
10073 
1882 
10074 
1883 
10075 
1884 
10076 
1885 
10077 
10078 
10079 
10080 
10081 
10082 
10083 
10084 
10085 
10086 
10087 
10088 
10089 
10090 
10091 
10092 
10093 
10094 
10095 
10096 
10097 
10098 
10099 
10100 
10101 
10102 
10103 
10104 
10105 
10106 
10107 
10108 
10109 
10110 
10111 
10112 
10113 
10114 
10115 
10116 
10117 
10118 
10119 
10120 
10121 
10122 
10123 
10124 
10125 
10126 
10127 
18343 
18345 
18347 
18349 
18350 
18351 
18352 
18353 
18354 
18355 
18356 
18357 
18358 
18359 
18360 
18361 
18362 
18363 
18364 
18365 
18366 
18367 
18368 
18369 
18370 
18371 
18372 
10180 
18373 
18374 
10182 
18375 
18376 
10184 
18377 
18378 
10186 
18379 
10187 
18380 
10188 
18381 
10189 
18382 
10190 
18383 
10191 
18384 
10192 
18385 
10193 
18386 
10194 
18387 
10195 
18388 
10196 
18389 
10197 
18390 
10198 
18391 
10199 
18392 
10200 
18393 
10201 
18394 
10202 
18395 
10203 
18396 
10204 
18397 
10205 
18398 
10206 
18399 
10207 
18400 
10208 
18401 
10209 
18402 
10210 
18403 
10211 
18404 
10212 
18405 
10213 
18406 
10214 
18407 
10215 
18408 
10216 
18409 
10217 
18410 
10218 
18411 
10219 
18412 
10220 
18413 
10221 
18414 
10222 
18415 
10223 
18416 
10224 
18417 
10225 
18418 
10226 
18419 
10227 
18420 
10228 
18421 
10229 
18422 
10230 
18423 
10231 
18424 
10232 
18425 
10233 
18426 
10234 
18427 
10235 
18428 
10236 
18429 
10237 
18430 
10238 
18431 
10239 
18432 
10240 
18433 
10241 
18434 
10242 
18435 
10243 
18436 
10244 
18437 
10245 
18438 
10246 
18439 
10247 
18440 
10248 
18441 
10249 
18442 
10250 
18443 
10251 
18444 
10252 
18445 
10253 
18446 
10254 
18447 
10255 
18448 
10256 
18449 
10257 
18450 
10258 
18451 
10259 
18452 
10260 
18453 
10261 
18454 
10262 
18455 
10263 
18456 
10264 
18457 
10265 
18458 
10266 
18459 
10267 
18460 
10268 
18461 
10269 
18462 
10270 
18463 
10271 
18464 
10272 
18465 
10273 
18466 
10274 
18467 
10275 
18468 
10276 
10277 
10278 
10279 
10280 
10281 
10282 
10283 
10284 
10285 
10286 
10287 
10288 
10289 
10290 
10291 
10292 
10293 
10294 
10295 
10296 
10297 
10298 
10299 
10300 
10301 
10302 
10303 
10304 
10305 
18521 
18523 
18525 
18527 
18528 
18529 
18530 
18531 
18532 
18533 
18534 
18535 
18536 
18537 
2153 
18538 
2154 
18539 
2155 
18540 
2156 
18541 
2157 
18542 
2158 
18543 
2159 
18544 
2160 
18545 
2161 
18546 
2162 
18547 
2163 
18548 
2164 
18549 
2165 
18550 
2166 
18551 
2167 
18552 
2168 
18553 
2169 
18554 
18555 
18556 
18557 
18558 
18559 
18560 
18561 
18562 
18563 
18564 
18565 
18566 
18567 
18568 
18569 
18570 
18571 
18572 
18573 
2189 
18574 
2190 
18575 
2191 
18576 
2192 
18577 
2193 
18578 
2194 
18579 
2195 
18580 
2196 
18581 
2197 
18582 
2198 
18583 
2199 
18584 
2200 
18585 
2201 
18586 
2202 
18587 
2203 
18588 
2204 
18589 
2205 
18590 
18591 
18592 
18593 
18594 
18595 
18596 
18597 
18598 
18599 
18600 
18601 
18602 
18603 
18604 
18605 
18606 
18607 
18608 
18609 
2225 
18610 
2226 
18611 
2227 
18612 
2228 
18613 
2229 
18614 
2230 
18615 
2231 
18616 
2232 
18617 
2233 
18618 
2234 
18619 
2235 
18620 
2236 
18621 
2237 
18622 
2238 
18623 
2239 
18624 
2240 
18625 
2241 
18626 
18627 
18628 
18629 
18630 
18631 
18632 
18633 
18634 
18635 
18636 
18637 
18638 
18639 
18640 
18641 
18642 
18643 
18644 
18645 
2261 
18646 
2262 
2263 
2264 
2265 
2266 
2267 
2268 
2269 
2270 
2271 
2272 
2273 
2274 
2275 
2276 
2277 
2297 
2298 
2299 
2300 
2301 
2302 
2303 
2304 
2305 
2306 
2307 
2308 
2309 
2310 
2311 
2312 
2313 
18699 
18701 
18703 
18705 
18706 
18707 
18708 
18709 
18710 
18711 
18712 
18713 
18714 
18715 
18716 
18717 
18718 
18719 
18720 
18721 
18722 
18723 
18724 
18725 
18726 
18727 
18728 
18729 
18730 
18731 
18732 
18733 
18734 
18735 
18736 
18737 
18738 
18739 
18740 
18741 
18742 
18743 
18744 
18745 
18746 
18747 
18748 
18749 
18750 
18751 
18752 
18753 
18754 
18755 
18756 
18757 
18758 
18759 
18760 
18761 
18762 
18763 
18764 
18765 
18766 
18767 
18768 
18769 
18770 
18771 
18772 
18773 
18774 
18775 
18776 
18777 
18778 
18779 
18780 
18781 
18782 
18783 
18784 
18785 
18786 
18787 
18788 
18789 
18790 
18791 
18792 
18793 
18794 
18795 
18796 
18797 
18798 
18799 
18800 
18801 
18802 
18803 
18804 
18805 
18806 
18807 
18808 
18809 
18810 
18811 
18812 
18813 
18814 
18815 
18816 
18817 
18818 
18819 
18820 
18821 
18822 
18823 
18824 
18877 
18879 
18881 
18883 
18884 
18885 
18886 
18887 
18888 
18889 
18890 
18891 
18892 
18893 
18894 
18895 
18896 
18897 
18898 
18899 
18900 
18901 
18902 
18903 
18904 
18905 
18906 
18907 
18908 
18909 
18910 
18911 
18912 
18913 
18914 
18915 
18916 
18917 
18918 
18919 
18920 
18921 
18922 
18923 
18924 
18925 
18926 
18927 
18928 
18929 
18930 
18931 
18932 
18933 
18934 
18935 
18936 
18937 
18938 
18939 
18940 
18941 
18942 
18943 
18944 
18945 
18946 
18947 
18948 
18949 
18950 
18951 
18952 
18953 
18954 
18955 
18956 
18957 
18958 
18959 
18960 
18961 
18962 
18963 
18964 
18965 
2581 
18966 
2582 
18967 
2583 
18968 
2584 
18969 
2585 
18970 
2586 
18971 
2587 
18972 
2588 
18973 
2589 
18974 
2590 
18975 
2591 
18976 
2592 
18977 
2593 
18978 
2594 
18979 
2595 
18980 
2596 
18981 
2597 
18982 
18983 
18984 
18985 
18986 
18987 
18988 
18989 
18990 
18991 
18992 
18993 
18994 
18995 
18996 
18997 
18998 
18999 
19000 
19001 
2617 
19002 
2618 
2619 
2620 
2621 
2622 
2623 
2624 
2625 
2626 
2627 
2628 
2629 
2630 
2631 
2632 
2633 
2653 
2654 
2655 
2656 
2657 
2658 
2659 
2660 
2661 
2662 
2663 
2664 
2665 
2666 
2667 
2668 
2669 
19055 
19057 
19059 
19061 
19062 
19063 
19064 
19065 
19066 
19067 
19068 
19069 
19070 
19071 
19072 
19073 
2689 
19074 
2690 
19075 
2691 
19076 
2692 
19077 
2693 
19078 
2694 
19079 
2695 
19080 
2696 
19081 
2697 
19082 
2698 
19083 
2699 
19084 
2700 
19085 
2701 
19086 
2702 
19087 
2703 
19088 
2704 
19089 
2705 
19090 
19091 
19092 
19093 
19094 
19095 
19096 
19097 
19098 
19099 
19100 
19101 
19102 
19103 
19104 
19105 
19106 
19107 
19108 
19109 
2725 
19110 
2726 
19111 
2727 
19112 
2728 
19113 
2729 
19114 
2730 
19115 
2731 
19116 
2732 
19117 
2733 
19118 
2734 
19119 
2735 
19120 
2736 
19121 
2737 
19122 
2738 
19123 
2739 
19124 
2740 
19125 
2741 
19126 
19127 
19128 
19129 
19130 
19131 
19132 
19133 
19134 
19135 
19136 
19137 
19138 
19139 
19140 
19141 
19142 
19143 
19144 
19145 
19146 
19147 
19148 
19149 
19150 
19151 
19152 
19153 
19154 
19155 
19156 
19157 
19158 
19159 
19160 
19161 
19162 
19163 
19164 
19165 
19166 
19167 
19168 
19169 
19170 
19171 
19172 
19173 
19174 
19175 
19176 
19177 
19178 
19179 
19180 
11243 
11245 
11247 
11249 
11250 
11251 
11252 
11253 
11254 
11255 
11256 
11257 
11258 
11259 
11260 
11261 
11262 
11263 
11264 
11265 
11266 
11267 
11268 
11269 
11270 
11271 
11272 
11273 
11274 
11275 
11276 
11277 
11278 
11279 
11280 
11281 
11282 
11283 
11284 
11285 
11286 
11287 
11288 
11289 
11290 
11291 
11292 
11293 
11294 
11295 
11296 
11297 
11298 
11299 
11300 
11301 
11302 
11303 
11304 
11305 
11306 
11307 
11308 
11309 
11310 
11311 
11312 
11313 
11314 
11315 
11316 
11317 
11318 
11319 
11320 
11321 
11322 
11323 
11324 
11325 
11326 
11327 
11328 
11329 
11330 
11331 
11332 
11333 
11334 
11335 
11336 
11337 
11338 
11339 
11340 
11341 
11342 
11343 
11344 
11345 
11346 
11347 
11348 
11349 
11350 
11351 
11352 
11353 
11354 
11355 
11356 
11357 
11358 
11359 
11360 
11361 
11362 
11363 
11364 
11365 
11366 
11367 
11368 
11421 
11423 
11425 
11427 
11428 
11429 
11430 
11431 
11432 
11433 
11434 
11435 
11436 
11437 
11438 
11439 
11440 
11441 
11442 
11443 
11444 
11445 
11446 
11447 
11448 
11449 
11450 
11451 
11452 
11453 
11454 
11455 
11456 
11457 
11458 
11459 
11460 
11461 
11462 
11463 
11464 
11465 
11466 
11467 
11468 
11469 
11470 
11471 
11472 
11473 
11474 
11475 
11476 
11477 
11478 
11479 
11480 
11481 
11482 
11483 
11484 
11485 
11486 
11487 
11488 
11489 
11490 
11491 
11492 
11493 
11494 
11495 
11496 
11497 
11498 
11499 
11500 
11501 
11502 
11503 
11504 
11505 
11506 
11507 
11508 
11509 
11510 
11511 
11512 
11513 
11514 
11515 
11516 
11517 
11518 
11519 
11520 
11521 
11522 
11523 
11524 
11525 
11526 
11527 
11528 
11529 
11530 
11531 
11532 
11533 
11534 
11535 
11536 
11537 
11538 
11539 
11540 
11541 
11542 
11543 
11544 
11545 
11546 
11599 
11601 
11603 
11605 
11606 
11607 
11608 
11609 
11610 
11611 
11612 
11613 
11614 
11615 
11616 
11617 
11618 
11619 
11620 
11621 
11622 
11623 
11624 
11625 
11626 
11627 
11628 
11629 
11630 
11631 
11632 
11633 
11634 
11635 
11636 
11637 
11638 
11639 
11640 
11641 
11642 
11643 
11644 
11645 
11646 
11647 
11648 
11649 
11650 
11651 
11652 
11653 
11654 
11655 
11656 
11657 
11658 
11659 
11660 
11661 
11662 
11663 
11664 
11665 
11666 
11667 
11668 
11669 
11670 
11671 
11672 
11673 
11674 
11675 
11676 
11677 
11678 
11679 
11680 
11681 
11682 
11683 
11684 
11685 
11686 
11687 
11688 
11689 
11690 
11691 
11692 
11693 
11694 
11695 
11696 
11697 
11698 
11699 
11700 
11701 
11702 
11703 
11704 
11705 
11706 
11707 
11708 
11709 
11710 
11711 
11712 
11713 
11714 
11715 
11716 
11717 
11718 
11719 
11720 
11721 
11722 
11723 
11724 
11777 
11779 
11781 
11783 
11784 
11785 
11786 
11787 
11788 
11789 
11790 
11791 
11792 
11793 
11794 
11795 
11796 
11797 
11798 
11799 
11800 
11801 
11802 
11803 
11804 
11805 
11806 
11807 
11808 
11809 
11810 
11811 
11812 
11813 
11814 
11815 
11816 
11817 
11818 
11819 
11820 
11821 
11822 
11823 
11824 
11825 
11826 
11827 
11828 
11829 
11830 
11831 
11832 
11833 
11834 
11835 
11836 
11837 
11838 
11839 
11840 
11841 
11842 
11843 
11844 
11845 
11846 
11847 
11848 
11849 
11850 
11851 
11852 
11853 
11854 
11855 
11856 
11857 
11858 
11859 
11860 
11861 
11862 
11863 
11864 
11865 
11866 
11867 
11868 
11869 
11870 
11871 
11872 
11873 
11874 
11875 
11876 
11877 
11878 
11879 
11880 
11881 
11882 
11883 
11884 
11885 
11886 
11887 
11888 
11889 
11890 
11891 
11892 
11893 
11894 
11895 
11896 
11897 
11898 
11899 
11900 
11901 
11902 
11955 
11957 
11959 
11961 
11962 
11963 
11964 
11965 
11966 
11967 
11968 
11969 
11970 
11971 
11972 
11973 
11974 
11975 
11976 
11977 
11978 
11979 
11980 
11981 
11982 
11983 
11984 
11985 
11986 
11987 
11988 
11989 
11990 
11991 
11992 
11993 
11994 
11995 
11996 
11997 
11998 
11999 
12000 
12001 
12002 
12003 
12004 
12005 
12006 
12007 
12008 
12009 
12010 
12011 
12012 
12013 
12014 
12015 
12016 
12017 
12018 
12019 
12020 
12021 
12022 
12023 
12024 
12025 
12026 
12027 
12028 
12029 
12030 
12031 
12032 
12033 
12034 
12035 
12036 
12037 
12038 
12039 
12040 
12041 
12042 
12043 
12044 
12045 
12046 
12047 
12048 
12049 
12050 
12051 
12052 
12053 
12054 
12055 
12056 
12057 
12058 
12059 
12060 
12061 
12062 
12063 
12064 
12065 
12066 
12067 
12068 
12069 
12070 
12071 
12072 
12073 
12074 
12075 
12076 
12077 
12078 
12079 
12080 
13018 
13020 
13022 
13024 
13025 
13026 
13027 
13028 
13029 
13030 
13031 
13032 
13033 
13034 
13035 
13036 
13037 
13038 
13039 
13040 
13041 
13042 
13043 
13044 
13045 
13046 
13047 
13048 
13049 
13050 
13051 
13052 
13053 
13054 
13055 
13056 
13057 
13058 
13059 
13060 
13061 
13062 
13063 
13064 
13065 
13066 
13067 
13068 
13069 
13070 
13071 
13072 
13073 
13074 
13075 
13076 
13077 
13078 
13079 
13080 
13081 
13082 
13083 
13084 
13085 
13086 
13087 
13088 
13089 
13090 
13091 
13092 
13093 
13094 
13095 
13096 
13097 
13098 
13099 
13100 
13101 
13102 
13103 
13104 
13105 
13106 
13107 
13108 
13109 
13110 
13111 
13112 
13113 
13114 
13115 
13116 
13117 
13118 
13119 
13120 
13121 
13122 
13123 
13124 
13125 
13126 
13127 
13128 
13129 
13130 
13131 
13132 
13133 
13134 
13135 
13136 
13137 
13138 
13139 
13140 
13141 
13142 
13143 
13196 
13198 
13200 
13202 
13203 
13204 
13205 
13206 
13207 
13208 
13209 
13210 
13211 
13212 
13213 
13214 
13215 
13216 
13217 
13218 
13219 
13220 
13221 
13222 
13223 
13224 
13225 
13226 
13227 
13228 
13229 
13230 
13231 
13232 
13233 
13234 
13235 
13236 
13237 
13238 
13239 
13240 
13241 
13242 
13243 
13244 
13245 
13246 
13247 
13248 
13249 
13250 
13251 
13252 
13253 
13254 
13255 
13256 
13257 
13258 
13259 
13260 
13261 
13262 
13263 
13264 
13265 
13266 
13267 
13268 
13269 
13270 
13271 
13272 
13273 
13274 
13275 
13276 
13277 
13278 
13279 
13280 
13281 
13282 
13283 
13284 
13285 
13286 
13287 
13288 
13289 
13290 
13291 
13292 
13293 
13294 
13295 
13296 
13297 
13298 
13299 
13300 
13301 
13302 
13303 
13304 
13305 
13306 
13307 
13308 
13309 
13310 
13311 
13312 
13313 
13314 
13315 
13316 
13317 
13318 
13319 
13320 
13321 
13374 
13376 
13378 
13380 
13381 
13382 
13383 
13384 
13385 
13386 
13387 
13388 
13389 
13390 
13391 
13392 
13393 
13394 
13395 
13396 
13397 
13398 
13399 
13400 
13401 
13402 
13403 
13404 
13405 
13406 
13407 
13408 
13409 
13410 
13411 
13412 
13413 
13414 
13415 
13416 
13417 
13418 
13419 
13420 
13421 
13422 
13423 
13424 
13425 
13426 
13427 
13428 
13429 
13430 
13431 
13432 
13433 
13434 
13435 
13436 
13437 
13438 
13439 
13440 
13441 
13442 
13443 
13444 
13445 
13446 
13447 
13448 
13449 
13450 
13451 
13452 
13453 
13454 
13455 
13456 
13457 
13458 
13459 
13460 
13461 
13462 
13463 
13464 
13465 
13466 
13467 
13468 
13469 
13470 
13471 
13472 
13473 
13474 
13475 
13476 
13477 
13478 
13479 
13480 
13481 
13482 
13483 
13484 
13485 
13486 
13487 
13488 
13489 
13490 
13491 
13492 
13493 
13494 
13495 
13496 
13497 
13498 
13499 
13552 
13554 
13556 
13558 
13559 
13560 
13561 
13562 
13563 
13564 
13565 
13566 
13567 
13568 
13569 
13570 
13571 
13572 
13573 
13574 
13575 
13576 
13577 
13578 
13579 
13580 
13581 
13582 
13583 
13584 
13585 
13586 
13587 
13588 
13589 
13590 
13591 
13592 
13593 
13594 
13595 
13596 
13597 
13598 
13599 
13600 
13601 
13602 
13603 
13604 
13605 
13606 
13607 
13608 
13609 
13610 
13611 
13612 
13613 
13614 
13615 
13616 
13617 
13618 
13619 
13620 
13621 
13622 
13623 
13624 
13625 
13626 
13627 
13628 
13629 
13630 
13631 
13632 
13633 
13634 
13635 
13636 
13637 
13638 
13639 
13640 
13641 
13642 
13643 
13644 
13645 
13646 
13647 
13648 
13649 
13650 
13651 
13652 
13653 
13654 
13655 
13656 
13657 
13658 
13659 
13660 
13661 
13662 
13663 
13664 
13665 
13666 
13667 
13668 
13669 
13670 
13671 
13672 
13673 
13674 
13675 
13676 
13677 
13730 
13732 
13734 
13736 
13737 
13738 
13739 
13740 
13741 
13742 
13743 
13744 
13745 
13746 
13747 
13748 
13749 
13750 
13751 
13752 
13753 
13754 
13755 
13756 
13757 
13758 
13759 
13760 
13761 
13762 
13763 
13764 
13765 
13766 
13767 
13768 
13769 
13770 
13771 
13772 
13773 
13774 
13775 
13776 
13777 
13778 
13779 
13780 
13781 
13782 
13783 
13784 
13785 
13786 
13787 
13788 
13789 
13790 
13791 
13792 
13793 
13794 
13795 
13796 
13797 
13798 
13799 
13800 
13801 
13802 
13803 
13804 
13805 
13806 
13807 
13808 
13809 
13810 
13811 
13812 
13813 
13814 
13815 
13816 
13817 
13818 
13819 
13820 
13821 
13822 
13823 
13824 
13825 
13826 
13827 
13828 
13829 
13830 
13831 
13832 
13833 
13834 
13835 
13836 
13837 
13838 
13839 
13840 
13841 
13842 
13843 
13844 
13845 
13846 
13847 
13848 
13849 
13850 
13851 
13852 
13853 
13854 
13855 
14793 
14795 
14797 
14799 
14800 
14801 
14802 
14803 
14804 
14805 
14806 
14807 
14808 
14809 
14810 
14811 
14812 
14813 
14814 
14815 
14816 
14817 
14818 
14819 
14820 
14821 
14822 
14823 
14824 
14825 
14826 
14827 
14828 
14829 
14830 
14831 
14832 
14833 
14834 
14835 
14836 
14837 
14838 
14839 
14840 
14841 
14842 
14843 
14844 
14845 
14846 
14847 
14848 
14849 
14850 
14851 
14852 
14853 
14854 
14855 
14856 
14857 
14858 
14859 
14860 
14861 
14862 
14863 
14864 
14865 
14866 
14867 
14868 
14869 
14870 
14871 
14872 
14873 
14874 
14875 
14876 
14877 
14878 
14879 
14880 
14881 
14882 
14883 
14884 
14885 
14886 
14887 
14888 
14889 
14890 
14891 
14892 
14893 
14894 
14895 
14896 
14897 
14898 
14899 
14900 
14901 
14902 
14903 
14904 
14905 
14906 
14907 
14908 
14909 
14910 
14911 
14912 
14913 
14914 
14915 
14916 
14917 
14918 
14971 
14973 
14975 
14977 
14978 
14979 
14980 
14981 
14982 
14983 
14984 
14985 
14986 
14987 
14988 
14989 
14990 
14991 
14992 
14993 
14994 
14995 
14996 
14997 
14998 
14999 
15000 
15001 
15002 
15003 
15004 
15005 
15006 
15007 
15008 
15009 
15010 
15011 
15012 
15013 
15014 
15015 
15016 
15017 
15018 
15019 
15020 
15021 
15022 
15023 
15024 
15025 
15026 
15027 
15028 
15029 
15030 
15031 
15032 
15033 
15034 
15035 
15036 
15037 
15038 
15039 
15040 
15041 
15042 
15043 
15044 
15045 
15046 
15047 
15048 
15049 
15050 
15051 
15052 
15053 
15054 
15055 
15056 
15057 
15058 
15059 
15060 
15061 
15062 
15063 
15064 
15065 
15066 
15067 
15068 
15069 
15070 
15071 
15072 
15073 
15074 
15075 
15076 
15077 
15078 
15079 
15080 
15081 
15082 
15083 
15084 
15085 
15086 
15087 
15088 
15089 
15090 
15091 
15092 
15093 
15094 
15095 
15096 
15149 
15151 
15153 
15155 
15156 
15157 
15158 
15159 
15160 
15161 
15162 
15163 
15164 
15165 
15166 
15167 
15168 
15169 
15170 
15171 
15172 
15173 
15174 
15175 
15176 
15177 
15178 
15179 
15180 
15181 
15182 
15183 
15184 
15185 
15186 
15187 
15188 
15189 
15190 
15191 
15192 
15193 
15194 
15195 
15196 
15197 
15198 
15199 
15200 
15201 
15202 
15203 
15204 
15205 
15206 
15207 
15208 
15209 
15210 
15211 
15212 
15213 
15214 
15215 
15216 
15217 
15218 
15219 
15220 
15221 
15222 
15223 
15224 
15225 
15226 
15227 
15228 
15229 
15230 
15231 
15232 
15233 
15234 
15235 
15236 
15237 
15238 
15239 
15240 
15241 
15242 
15243 
15244 
15245 
15246 
15247 
15248 
15249 
15250 
15251 
15252 
15253 
15254 
15255 
15256 
15257 
15258 
15259 
15260 
15261 
15262 
15263 
15264 
15265 
15266 
15267 
15268 
15269 
15270 
15271 
15272 
15273 
15274 
15327 
15329 
15331 
15333 
15334 
15335 
15336 
15337 
15338 
15339 
15340 
15341 
15342 
15343 
15344 
15345 
15346 
15347 
15348 
15349 
15350 
15351 
15352 
15353 
15354 
15355 
15356 
15357 
15358 
15359 
15360 
15361 
15362 
15363 
15364 
15365 
15366 
15367 
15368 
15369 
15370 
15371 
15372 
15373 
15374 
15375 
15376 
15377 
15378 
15379 
15380 
15381 
15382 
15383 
15384 
15385 
15386 
15387 
15388 
15389 
15390 
15391 
15392 
15393 
15394 
15395 
15396 
15397 
15398 
15399 
15400 
15401 
15402 
15403 
15404 
15405 
15406 
15407 
15408 
15409 
15410 
15411 
15412 
15413 
15414 
15415 
15416 
15417 
15418 
15419 
15420 
15421 
15422 
15423 
15424 
15425 
15426 
15427 
15428 
15429 
15430 
15431 
15432 
15433 
15434 
15435 
15436 
15437 
15438 
15439 
15440 
15441 
15442 
15443 
15444 
15445 
15446 
15447 
15448 
15449 
15450 
15451 
15452 
15505 
15507 
15509 
15511 
15512 
15513 
15514 
15515 
15516 
15517 
15518 
15519 
15520 
15521 
15522 
15523 
15524 
15525 
15526 
15527 
15528 
15529 
15530 
15531 
15532 
15533 
15534 
15535 
15536 
15537 
15538 
15539 
15540 
15541 
15542 
15543 
15544 
15545 
15546 
15547 
15548 
15549 
15550 
15551 
15552 
15553 
15554 
15555 
15556 
15557 
15558 
15559 
15560 
15561 
15562 
15563 
15564 
15565 
15566 
15567 
15568 
15569 
15570 
15571 
15572 
15573 
15574 
15575 
15576 
15577 
15578 
15579 
15580 
15581 
15582 
15583 
15584 
15585 
15586 
15587 
15588 
15589 
15590 
15591 
15592 
15593 
15594 
15595 
15596 
15597 
15598 
15599 
15600 
15601 
15602 
15603 
15604 
15605 
15606 
15607 
15608 
15609 
15610 
15611 
15612 
15613 
15614 
15615 
15616 
15617 
15618 
15619 
15620 
15621 
15622 
15623 
15624 
15625 
15626 
15627 
15628 
15629 
15630 
7693 
7695 
7697 
7699 
7700 
7701 
7702 
7703 
7704 
7705 
7706 
7707 
7708 
7709 
7710 
7711 
7712 
7713 
7714 
7715 
7716 
7717 
7718 
7719 
7720 
7721 
7722 
7723 
7724 
7725 
7726 
7727 
7728 
7729 
7730 
7731 
7732 
7733 
7734 
7735 
7736 
7737 
7738 
7739 
7740 
7741 
7742 
7743 
7744 
7745 
7746 
7747 
7748 
7749 
7750 
7751 
7752 
7753 
7754 
7755 
7756 
7757 
7758 
7759 
7760 
7761 
7762 
7763 
7764 
7765 
7766 
7767 
7768 
7769 
7770 
7771 
7772 
7773 
7774 
7775 
7776 
7777 
7778 
7779 
7780 
7781 
7782 
7783 
7784 
7785 
7786 
7787 
7788 
7789 
7790 
7791 
7792 
7793 
7794 
7795 
7796 
7797 
7798 
7799 
7800 
7801 
7802 
7803 
7804 
7805 
7806 
7807 
7808 
7809 
7810 
7811 
7812 
7813 
7814 
7815 
7816 
7817 
7818 
7871 
7873 
7875 
7877 
7878 
7879 
7880 
7881 
7882 
7883 
7884 
7885 
7886 
7887 
7888 
7889 
7890 
7891 
7892 
7893 
7894 
7895 
7896 
7897 
7898 
7899 
7900 
7901 
7902 
7903 
7904 
7905 
7906 
7907 
7908 
7909 
7910 
7911 
7912 
7913 
7914 
7915 
7916 
7917 
7918 
7919 
7920 
7921 
7922 
7923 
7924 
7925 
7926 
7927 
7928 
7929 
7930 
7931 
7932 
7933 
7934 
7935 
7936 
7937 
7938 
7939 
7940 
7941 
7942 
7943 
7944 
7945 
7946 
7947 
7948 
7949 
7950 
7951 
7952 
7953 
7954 
7955 
7956 
7957 
7958 
7959 
7960 
7961 
7962 
7963 
7964 
7965 
7966 
7967 
7968 
7969 
7970 
7971 
7972 
7973 
7974 
7975 
7976 
7977 
7978 
7979 
7980 
7981 
7982 
7983 
7984 
7985 
7986 
7987 
7988 
7989 
7990 
7991 
7992 
7993 
7994 
7995 
7996 
8049 
8051 
8053 
8055 
8056 
8057 
8058 
8059 
8060 
8061 
8062 
8063 
8064 
8065 
8066 
8067 
8068 
8069 
8070 
8071 
8072 
8073 
8074 
8075 
8076 
8077 
8078 
8079 
8080 
8081 
8082 
8083 
8084 
8085 
8086 
8087 
8088 
8089 
8090 
8091 
8092 
8093 
8094 
8095 
8096 
8097 
8098 
8099 
8100 
8101 
8102 
8103 
8104 
8105 
8106 
8107 
8108 
8109 
8110 
8111 
8112 
8113 
8114 
8115 
8116 
8117 
8118 
8119 
8120 
8121 
8122 
8123 
8124 
8125 
8126 
8127 
8128 
8129 
8130 
8131 
8132 
8133 
8134 
8135 
8136 
8137 
8138 
8139 
8140 
8141 
8142 
8143 
8144 
8145 
8146 
8147 
8148 
8149 
8150 
8151 
8152 
8153 
8154 
8155 
8156 
8157 
8158 
8159 
8160 
8161 
8162 
8163 
8164 
8165 
8166 
8167 
8168 
8169 
8170 
8171 
8172 
8173 
8174 
)

// ************************************************************************* //
