/*--------------------------------*- C++ -*----------------------------------*\
| =========                 |                                                 |
| \\      /  F ield         | OpenFOAM: The Open Source CFD Toolbox           |
|  \\    /   O peration     | Version:  5.x                                   |
|   \\  /    A nd           | Web:      www.OpenFOAM.org                      |
|    \\/     M anipulation  |                                                 |
\*---------------------------------------------------------------------------*/
FoamFile
{
    version     2.0;
    format      ascii;
    class       faceSet;
    location    "constant/polyMesh/sets";
    object      gasInletFaces;
}
// * * * * * * * * * * * * * * * * * * * * * * * * * * * * * * * * * * * * * //


5264
(
294932 
294933 
294934 
294935 
294936 
294937 
294938 
294939 
294940 
294941 
294942 
294943 
294944 
294945 
294946 
294947 
294948 
294949 
294953 
294954 
294955 
294956 
294957 
294958 
51 
52 
53 
54 
55 
56 
57 
58 
59 
60 
61 
62 
213406 
213407 
213408 
416 
417 
418 
419 
213412 
420 
213413 
421 
213414 
422 
213415 
423 
213416 
424 
425 
426 
427 
213420 
213421 
213422 
213423 
213424 
213430 
213431 
213432 
213433 
213434 
213435 
213436 
213437 
213438 
213439 
213440 
213441 
213442 
213443 
213444 
213445 
213446 
213447 
213448 
213449 
213450 
213451 
213452 
213453 
213454 
213455 
213456 
213457 
213458 
213459 
213460 
213461 
213462 
213463 
213464 
213465 
213466 
213467 
213468 
213469 
213470 
213471 
213472 
213473 
213474 
213475 
213476 
213477 
213478 
213479 
213480 
213481 
213482 
213483 
213484 
213485 
213486 
213487 
213488 
213489 
213490 
213491 
213492 
213493 
213494 
213495 
213499 
213500 
213501 
213507 
213508 
213509 
213515 
213516 
213517 
213518 
213519 
214277 
214293 
214294 
214295 
214304 
214305 
214306 
214307 
214308 
214309 
214310 
214311 
279856 
214323 
214324 
214325 
279862 
214334 
214335 
214336 
214337 
279873 
214338 
214339 
214340 
214341 
279878 
279880 
279881 
279882 
279883 
279884 
279885 
279886 
279887 
279888 
279889 
279890 
279891 
279892 
279893 
279894 
279895 
279896 
279897 
279898 
279899 
279900 
279901 
279902 
279903 
279904 
279905 
279906 
279907 
279908 
279909 
279910 
279911 
279912 
279913 
279914 
279915 
279916 
279917 
279918 
279919 
279920 
279921 
279922 
279923 
279924 
279925 
279926 
279927 
279928 
279929 
279930 
279931 
279932 
279933 
279934 
279935 
279936 
279937 
279938 
279939 
279940 
279941 
279942 
279943 
279944 
279945 
279946 
279947 
279948 
279949 
279950 
279951 
279952 
279953 
279954 
279955 
279956 
279957 
279958 
279959 
279960 
280343 
280345 
280348 
280349 
280350 
280351 
280352 
280358 
280359 
280360 
280361 
280362 
280364 
280366 
280367 
280368 
280372 
280373 
280374 
280375 
280376 
280377 
198458 
280378 
198459 
280379 
198460 
280380 
280381 
280382 
280383 
198464 
280384 
198465 
280385 
198466 
280386 
198467 
280387 
198468 
280388 
280389 
280390 
280391 
198472 
280392 
198473 
280393 
198474 
280394 
198475 
280395 
198476 
280396 
280397 
280398 
280399 
280400 
280401 
198482 
198483 
198484 
198485 
198486 
198487 
198488 
198489 
198490 
198491 
198492 
198493 
198494 
198495 
198496 
198497 
198498 
198499 
280420 
198500 
280421 
198501 
198502 
198503 
198504 
198505 
198506 
198507 
198508 
198509 
198510 
198511 
198512 
198513 
198514 
198515 
198516 
198517 
198518 
198519 
198520 
198521 
198522 
198523 
198524 
198525 
198526 
198527 
198528 
198529 
198530 
198531 
198532 
198533 
198534 
198535 
198536 
198537 
198538 
198539 
198540 
198541 
198542 
198543 
198544 
198545 
198546 
198547 
198551 
198552 
198553 
198559 
198560 
198561 
198567 
198568 
198569 
198570 
198571 
378916 
378917 
378945 
378946 
378947 
378950 
378975 
378976 
378977 
378980 
379005 
346776 
346777 
346778 
346779 
346780 
346781 
346782 
346783 
346784 
199329 
346785 
346786 
346787 
346788 
346789 
346790 
346791 
346792 
199345 
199346 
199347 
346811 
199356 
199357 
199358 
346814 
199359 
346815 
346816 
199360 
199361 
199362 
199363 
346820 
346821 
346822 
346823 
346824 
346825 
346826 
199375 
199376 
346832 
199377 
346838 
199386 
346843 
199387 
199388 
199389 
346845 
346846 
199390 
346847 
199391 
346848 
199392 
199393 
346849 
346850 
346851 
346852 
346853 
346854 
346855 
346856 
346857 
346858 
346859 
346860 
346861 
346862 
346863 
346864 
346884 
346887 
346888 
346889 
346890 
346891 
346892 
346893 
346894 
346899 
346902 
346903 
346904 
346905 
346906 
346907 
346908 
346909 
346910 
346911 
346912 
346913 
346914 
346915 
346916 
346917 
346918 
346919 
346920 
346921 
346922 
346923 
346924 
346925 
346926 
346927 
346928 
346929 
346930 
346931 
314163 
346932 
314164 
346933 
314165 
346934 
314166 
346935 
314167 
346936 
314168 
346937 
314169 
346938 
314170 
346939 
314171 
346940 
314172 
346941 
314173 
346942 
314174 
346943 
314175 
346944 
314176 
346945 
314177 
346946 
314178 
346947 
314179 
346948 
346949 
346950 
346951 
346952 
346953 
346954 
346955 
346956 
346957 
346958 
346959 
346960 
346961 
346962 
346963 
346964 
346965 
346966 
314198 
346967 
346968 
346969 
314201 
346970 
314202 
346971 
314203 
346972 
346973 
346974 
346975 
314207 
346976 
314208 
346977 
314209 
346978 
314210 
346979 
314211 
346980 
314212 
346981 
314213 
346982 
346983 
346984 
346985 
346986 
346987 
314219 
346988 
346989 
346990 
346991 
346992 
346993 
314225 
346994 
346995 
346996 
346997 
346998 
314230 
346999 
347000 
314232 
347001 
314233 
347002 
314234 
347003 
314235 
347004 
314236 
347005 
314237 
347006 
314238 
347007 
314239 
347008 
314240 
347009 
314241 
347010 
314242 
347011 
314243 
347012 
314244 
347013 
314245 
347014 
314246 
347015 
314247 
347016 
314248 
347017 
314249 
347018 
314250 
347019 
314251 
347020 
347021 
347022 
347023 
347024 
347025 
347026 
347027 
347028 
347029 
347030 
347031 
347032 
347033 
347034 
347035 
347036 
347037 
347038 
347039 
314271 
347040 
347041 
347042 
314274 
347043 
314275 
347044 
314276 
347045 
314277 
347046 
314278 
347047 
314279 
347048 
314280 
347049 
314281 
347050 
347051 
347052 
347053 
347054 
314286 
347055 
347056 
347057 
314289 
347058 
314290 
347059 
314291 
347060 
314292 
347061 
314293 
347062 
314294 
347063 
314295 
347064 
314296 
347065 
314297 
347066 
314298 
347067 
314299 
347068 
314300 
347069 
314301 
347070 
314302 
347071 
314303 
347072 
314304 
347073 
314305 
347074 
314306 
347075 
314307 
347076 
314308 
347077 
314309 
347078 
314310 
347079 
314311 
347080 
314312 
347081 
314313 
347082 
314314 
347083 
314315 
347084 
314316 
347085 
314317 
347086 
314318 
347087 
314319 
347088 
314320 
347089 
314321 
347090 
314322 
347091 
314323 
347092 
314324 
347093 
314325 
347094 
314326 
347095 
314327 
347096 
314328 
347097 
314329 
347098 
314330 
347099 
314331 
347100 
314332 
347101 
314333 
347102 
314334 
347103 
314335 
347104 
314336 
347105 
314337 
347106 
314338 
347107 
314339 
347108 
314340 
347109 
314341 
347110 
314342 
347111 
314343 
347112 
314344 
347113 
314345 
347114 
314346 
347115 
314347 
347116 
314348 
347117 
314349 
347118 
314350 
347119 
314351 
347120 
314352 
347121 
314353 
379890 
347122 
314354 
379891 
347123 
314355 
379892 
347124 
314356 
347125 
314357 
347126 
314358 
379895 
347127 
314359 
347128 
314360 
347129 
314361 
347130 
314362 
347131 
314363 
347132 
314364 
347133 
314365 
347134 
314366 
347135 
314367 
347136 
314368 
379905 
347137 
314369 
379906 
347138 
314370 
379907 
347139 
314371 
379908 
347140 
314372 
379909 
347141 
314373 
379910 
347142 
314374 
347143 
314375 
347144 
314376 
347145 
314377 
347146 
314378 
347147 
314379 
347148 
314380 
347149 
314381 
347150 
314382 
347151 
314383 
379920 
347152 
314384 
379921 
347153 
314385 
379922 
314386 
314387 
314388 
314389 
314390 
314391 
314392 
314393 
314394 
314395 
314396 
314397 
314398 
314399 
314400 
314401 
314402 
314403 
347172 
314404 
314405 
314406 
314407 
347176 
314408 
347177 
314409 
314410 
314411 
314412 
347181 
314413 
347182 
314414 
347183 
314415 
314416 
347185 
314417 
314418 
314419 
314420 
314421 
314422 
314423 
314424 
314425 
314426 
314427 
314428 
314429 
314430 
314431 
314432 
314433 
314434 
314435 
314436 
314437 
314438 
347207 
314439 
347208 
314440 
347209 
314441 
347210 
314442 
347211 
314443 
347212 
314444 
347213 
314445 
347214 
314446 
347215 
314447 
347216 
314448 
347217 
314449 
347218 
314450 
347219 
314451 
347220 
314452 
347221 
314453 
347222 
314454 
347223 
314455 
314456 
314457 
314458 
314459 
314460 
314461 
314462 
314463 
314464 
314465 
314466 
314467 
314468 
314469 
314470 
314471 
314472 
314473 
314474 
347243 
314475 
314476 
314477 
314478 
347247 
314479 
347248 
314480 
347249 
314481 
347250 
314482 
347251 
314483 
347252 
314484 
314485 
314486 
314487 
314488 
314489 
314490 
314491 
314492 
314493 
314494 
314495 
314496 
314497 
314498 
314499 
314500 
314501 
314502 
314503 
314504 
314505 
314506 
314507 
314508 
314509 
314510 
314511 
314512 
314513 
314514 
314515 
314516 
314517 
314518 
314519 
314520 
314521 
314522 
314523 
314524 
314525 
314526 
314527 
314528 
314529 
314530 
314531 
314532 
314533 
314534 
314535 
314536 
314537 
314538 
314539 
314540 
314559 
314563 
314564 
314568 
314569 
314570 
314572 
314594 
314595 
314596 
314597 
314598 
314599 
314600 
314601 
314602 
314603 
314604 
314605 
314606 
314607 
314608 
314609 
314610 
380163 
380166 
314630 
380167 
380168 
314634 
314635 
314636 
314637 
314638 
314639 
380205 
380206 
380207 
380208 
380209 
380210 
380211 
380212 
380213 
380220 
380221 
380222 
380250 
380251 
380252 
380253 
380254 
380255 
380256 
380257 
380258 
380265 
380297 
52760 
52761 
52762 
52763 
52764 
52765 
52766 
52767 
52768 
52769 
52770 
52771 
52772 
52773 
52774 
282355 
282361 
282372 
282377 
282379 
282380 
282381 
282382 
282383 
282384 
282385 
282386 
282387 
282388 
282389 
282390 
282391 
282392 
282393 
282394 
282395 
282396 
282397 
282398 
282399 
282400 
282401 
282402 
282403 
282404 
282405 
282406 
282407 
282408 
282409 
282410 
282411 
282412 
282413 
282414 
282415 
282416 
282417 
282418 
282419 
282420 
282421 
282422 
282423 
282424 
282425 
282426 
282427 
282428 
282429 
282430 
282431 
282432 
282433 
282434 
282435 
282436 
282437 
282438 
282439 
282440 
282441 
282442 
282443 
282444 
282445 
282446 
282447 
282448 
282449 
282450 
282451 
282452 
282453 
282454 
282455 
282456 
282457 
282458 
282459 
53160 
53161 
53162 
53163 
53164 
53165 
53166 
53167 
53168 
53169 
53170 
53171 
53173 
53174 
282842 
282844 
282847 
282848 
282849 
282850 
282851 
282857 
282858 
282859 
282860 
282861 
282863 
282865 
282866 
282867 
282871 
282872 
282873 
282874 
282875 
282876 
282877 
282878 
282879 
282880 
282881 
282882 
282883 
282884 
282885 
282886 
282887 
282888 
282889 
282890 
282891 
282892 
282893 
282894 
282895 
282896 
282897 
282898 
282899 
282900 
282919 
282920 
20927 
20928 
20929 
20930 
20931 
20932 
20933 
20934 
20935 
20936 
20937 
20938 
20939 
20940 
20941 
21327 
21328 
21329 
21330 
21331 
21332 
21333 
21334 
21335 
21336 
21337 
21338 
21340 
21341 
349058 
250767 
250768 
250769 
250778 
250794 
250795 
250796 
250799 
250800 
250801 
349108 
349109 
250805 
349110 
250806 
349111 
250807 
349112 
349113 
349114 
349115 
349116 
349117 
349118 
349119 
349120 
349121 
349122 
349123 
349124 
250821 
250822 
250823 
250826 
250827 
250828 
250832 
250833 
250834 
250853 
349161 
349164 
349166 
349167 
349168 
349169 
349170 
349174 
349176 
349178 
349179 
349180 
349181 
349182 
349183 
349184 
349185 
349186 
349187 
349188 
349189 
349190 
349191 
349192 
349193 
349194 
349195 
349196 
316445 
349235 
349239 
349240 
349244 
349245 
349246 
349248 
316495 
316496 
316497 
316498 
316499 
316500 
316501 
316502 
316503 
316504 
316505 
316506 
316507 
316508 
316509 
316510 
316511 
349287 
349288 
349289 
349290 
349291 
349292 
349293 
349294 
349295 
349296 
349297 
349298 
349299 
349300 
349301 
349302 
349303 
349304 
349308 
349309 
349310 
349311 
349312 
349313 
316548 
316551 
316553 
316554 
316555 
316556 
316557 
316561 
316563 
316565 
316566 
316567 
316568 
316569 
316570 
316571 
316572 
316573 
316574 
316575 
316576 
316577 
316578 
316579 
316580 
316581 
316582 
316583 
316622 
316626 
316627 
316631 
316632 
316633 
316635 
316674 
316675 
316676 
316677 
316678 
316679 
316680 
316681 
316682 
316683 
316684 
316685 
316686 
316687 
316688 
316689 
316690 
316691 
316695 
316696 
316697 
316698 
316699 
316700 
251580 
251581 
251582 
251607 
284854 
284860 
284871 
284876 
284878 
284879 
284880 
284881 
284882 
284883 
284884 
284885 
284886 
284887 
284888 
284889 
284890 
284891 
284892 
284893 
284894 
284895 
284896 
284897 
284898 
284899 
284900 
284901 
284902 
284903 
284904 
284905 
284906 
284907 
284908 
284909 
284910 
284911 
284912 
284913 
284914 
284915 
284916 
284917 
284918 
284919 
284920 
284921 
284922 
284923 
284924 
284925 
284926 
284927 
284928 
284929 
284930 
284931 
284932 
284933 
284934 
284935 
284936 
284937 
284938 
284939 
284940 
284941 
284942 
284943 
284944 
284945 
284946 
284947 
284948 
284949 
284950 
284951 
284952 
284953 
284954 
284955 
284956 
284957 
284958 
235828 
235829 
235830 
235834 
235835 
235836 
235837 
235838 
235842 
235843 
235844 
235845 
235846 
235852 
235853 
235854 
235855 
235856 
235857 
235858 
235859 
235860 
235861 
235862 
235863 
235864 
235865 
235866 
235867 
235868 
235869 
235870 
235871 
235872 
235873 
235874 
235875 
235876 
235877 
235878 
235879 
235880 
235881 
235882 
235883 
235884 
235885 
235886 
235887 
235888 
235889 
235890 
235891 
235892 
235893 
235894 
235895 
235896 
235897 
235898 
235899 
235900 
235901 
235902 
235903 
235904 
235905 
235906 
235907 
235908 
235909 
235910 
235911 
235912 
235913 
235914 
235915 
235916 
235917 
235921 
235922 
235923 
235929 
235930 
235931 
235937 
235938 
235939 
235940 
235941 
285341 
285343 
285346 
285347 
285348 
285349 
285350 
285356 
285357 
285358 
285359 
285360 
285362 
285364 
285365 
285366 
285370 
285371 
285372 
285373 
285374 
285375 
285376 
285377 
285378 
285379 
285380 
285381 
285382 
285383 
285384 
285385 
285386 
285387 
285388 
285389 
285390 
285391 
285392 
285393 
285394 
285395 
285396 
285397 
285398 
285399 
285418 
285419 
236699 
236715 
236716 
236717 
236726 
236727 
236728 
236729 
236730 
236731 
236732 
236733 
236745 
236746 
236747 
236756 
236757 
236758 
236759 
236760 
236761 
236762 
236763 
220880 
220881 
220882 
220886 
220887 
220888 
220889 
220890 
220894 
220895 
220896 
220897 
220898 
220904 
220905 
220906 
220907 
220908 
220909 
220910 
220911 
220912 
220913 
220914 
220915 
220916 
220917 
220918 
220919 
220920 
220921 
220922 
220923 
220924 
220925 
220926 
220927 
220928 
220929 
220930 
220931 
220932 
220933 
220934 
220935 
220936 
220937 
220938 
220939 
220940 
220941 
220942 
220943 
220944 
220945 
220946 
220947 
220948 
220949 
220950 
220951 
220952 
220953 
220954 
220955 
220956 
220957 
220958 
220959 
220960 
220961 
220962 
220963 
220964 
220965 
220966 
220967 
220968 
220969 
220973 
220974 
220975 
220981 
220982 
220983 
220989 
220990 
220991 
220992 
220993 
335905 
335906 
335907 
335908 
335909 
335910 
335911 
335912 
335913 
335914 
335915 
335916 
335917 
335918 
335919 
335920 
335921 
335940 
335943 
335944 
335945 
335949 
335950 
335951 
335952 
335953 
335954 
335955 
335961 
335967 
335972 
335974 
335975 
335976 
335977 
335978 
335979 
335980 
335981 
335982 
335983 
335984 
335985 
335986 
335987 
335988 
335989 
335990 
335991 
335992 
335993 
336013 
336016 
336017 
336018 
336019 
336020 
336021 
336022 
336023 
336028 
336031 
336032 
336033 
336034 
336035 
336036 
336037 
336038 
336039 
336040 
336041 
336042 
336043 
336044 
336045 
336046 
336047 
336048 
336049 
336050 
336051 
336052 
336053 
336054 
336055 
336056 
336057 
336058 
336059 
336060 
303292 
336061 
303293 
336062 
303294 
336063 
303295 
336064 
303296 
336065 
303297 
336066 
303298 
336067 
303299 
336068 
303300 
336069 
303301 
336070 
303302 
336071 
303303 
336072 
303304 
336073 
303305 
336074 
303306 
336075 
303307 
336076 
303308 
336077 
336078 
336079 
336080 
336081 
336082 
336083 
336084 
336085 
336086 
336087 
336088 
336089 
336090 
336091 
336092 
336093 
336094 
336095 
303327 
336096 
336097 
336098 
303330 
336099 
303331 
336100 
303332 
336101 
336102 
336103 
336104 
303336 
336105 
303337 
336106 
303338 
336107 
303339 
336108 
303340 
336109 
303341 
336110 
303342 
336111 
336112 
336113 
336114 
336115 
336116 
303348 
336117 
336118 
336119 
336120 
336121 
336122 
303354 
336123 
336124 
336125 
73982 
336126 
336127 
303359 
336128 
336129 
303361 
336130 
303362 
73987 
336131 
303363 
73988 
336132 
303364 
73989 
336133 
303365 
73990 
336134 
303366 
336135 
303367 
336136 
303368 
336137 
303369 
336138 
303370 
73995 
336139 
303371 
73996 
336140 
303372 
73997 
336141 
303373 
73998 
336142 
303374 
336143 
303375 
336144 
303376 
336145 
303377 
336146 
303378 
74003 
336147 
303379 
74004 
336148 
303380 
74005 
336149 
336150 
336151 
336152 
336153 
336154 
336155 
336156 
336157 
336158 
336159 
336160 
336161 
336162 
336163 
336164 
336165 
336166 
336167 
336168 
303400 
336169 
336170 
336171 
303403 
336172 
303404 
336173 
303405 
336174 
303406 
336175 
303407 
336176 
303408 
336177 
303409 
336178 
303410 
336179 
336180 
336181 
336182 
336183 
303415 
336184 
336185 
336186 
303418 
336187 
303419 
336188 
303420 
336189 
303421 
336190 
303422 
336191 
303423 
336192 
303424 
336193 
303425 
336194 
303426 
336195 
303427 
336196 
303428 
336197 
303429 
336198 
303430 
336199 
303431 
336200 
303432 
336201 
303433 
336202 
303434 
336203 
303435 
336204 
303436 
336205 
303437 
336206 
303438 
336207 
303439 
336208 
303440 
336209 
303441 
336210 
303442 
336211 
303443 
336212 
303444 
336213 
303445 
336214 
303446 
336215 
303447 
336216 
303448 
336217 
303449 
336218 
303450 
336219 
303451 
336220 
303452 
336221 
303453 
336222 
303454 
336223 
303455 
336224 
303456 
336225 
303457 
336226 
303458 
336227 
303459 
336228 
303460 
336229 
303461 
336230 
303462 
336231 
303463 
336232 
303464 
336233 
303465 
336234 
303466 
336235 
303467 
336236 
303468 
336237 
303469 
336238 
303470 
336239 
303471 
336240 
303472 
336241 
303473 
336242 
303474 
336243 
303475 
336244 
303476 
336245 
303477 
336246 
303478 
336247 
303479 
336248 
303480 
336249 
303481 
336250 
303482 
336251 
303483 
336252 
303484 
336253 
303485 
336254 
303486 
336255 
303487 
336256 
303488 
336257 
303489 
336258 
303490 
336259 
303491 
336260 
303492 
336261 
303493 
336262 
303494 
336263 
303495 
336264 
303496 
336265 
303497 
336266 
303498 
336267 
303499 
336268 
303500 
336269 
303501 
336270 
303502 
336271 
303503 
336272 
303504 
336273 
303505 
336274 
303506 
336275 
303507 
336276 
303508 
336277 
303509 
336278 
303510 
336279 
303511 
336280 
303512 
336281 
303513 
336282 
303514 
303515 
303516 
303517 
303518 
303519 
303520 
303521 
303522 
303523 
303524 
303525 
303526 
303527 
303528 
303529 
303530 
303531 
303532 
336301 
303533 
303534 
303535 
303536 
336305 
303537 
336306 
303538 
303539 
303540 
303541 
336310 
303542 
336311 
303543 
336312 
303544 
303545 
336314 
303546 
303547 
303548 
303549 
303550 
303551 
303552 
303553 
303554 
303555 
303556 
303557 
303558 
303559 
303560 
303561 
303562 
303563 
303564 
303565 
303566 
303567 
336336 
303568 
336337 
303569 
336338 
303570 
336339 
303571 
336340 
303572 
336341 
303573 
336342 
303574 
336343 
303575 
336344 
303576 
336345 
303577 
336346 
303578 
336347 
303579 
336348 
303580 
336349 
303581 
336350 
303582 
336351 
303583 
336352 
303584 
303585 
303586 
303587 
303588 
303589 
303590 
303591 
303592 
303593 
303594 
369130 
369131 
303595 
369132 
303596 
369133 
303597 
369134 
303598 
369135 
303599 
369136 
303600 
303601 
303602 
303603 
336372 
303604 
303605 
303606 
303607 
336376 
303608 
336377 
303609 
336378 
303610 
336379 
303611 
336380 
303612 
336381 
303613 
303614 
369150 
369151 
303615 
369152 
303616 
369153 
303617 
369154 
303618 
369155 
303619 
369156 
303620 
303621 
303622 
303623 
303624 
303625 
303626 
303627 
303628 
303629 
303630 
303631 
303632 
303633 
303634 
369170 
369171 
303635 
369172 
303636 
369173 
303637 
369174 
303638 
369175 
303639 
369176 
303640 
303641 
303642 
303643 
303644 
303645 
303646 
303647 
303648 
303649 
303650 
303651 
303652 
303653 
303654 
303655 
303656 
303657 
303658 
303659 
303660 
303661 
303662 
303663 
303664 
303665 
303666 
303667 
303668 
303669 
221751 
221767 
221768 
303688 
221769 
303692 
303693 
303697 
221778 
303698 
221779 
303699 
221780 
221781 
303701 
221782 
221783 
221784 
221785 
221797 
221798 
221799 
303723 
303724 
303725 
303726 
303727 
221808 
303728 
221809 
303729 
221810 
303730 
221811 
303731 
221812 
303732 
221813 
303733 
221814 
303734 
221815 
303735 
303736 
287353 
303737 
303738 
303739 
287359 
287370 
287375 
303759 
287377 
287378 
287379 
303763 
287380 
303764 
287381 
303765 
287382 
303766 
287383 
303767 
287384 
303768 
287385 
287386 
287387 
287388 
287389 
287390 
287391 
287392 
287393 
287394 
287395 
287396 
287397 
287398 
287399 
287400 
287401 
287402 
287403 
287404 
287405 
287406 
287407 
287408 
287409 
287410 
287411 
287412 
287413 
287414 
287415 
287416 
287417 
287418 
287419 
74427 
287420 
287421 
287422 
287423 
287424 
74433 
287425 
287426 
287427 
287428 
74436 
287429 
287430 
287431 
287432 
287433 
287434 
74442 
287435 
74443 
74444 
287436 
287437 
287438 
287439 
287440 
287441 
287442 
287443 
287444 
287445 
287446 
287447 
287448 
287449 
287450 
287451 
287452 
287453 
287454 
287455 
287456 
287457 
287840 
287842 
287845 
287846 
287847 
287848 
287849 
205932 
205933 
205934 
287855 
287856 
287857 
205938 
287858 
205939 
287859 
205940 
205941 
287861 
205942 
287863 
287864 
287865 
205946 
205947 
205948 
287869 
205949 
287870 
205950 
287871 
287872 
287873 
287874 
287875 
205956 
287876 
205957 
287877 
205958 
287878 
287879 
205959 
287880 
205960 
205961 
287881 
287882 
205962 
287883 
205963 
287884 
205964 
287885 
205965 
287886 
205966 
287887 
205967 
205968 
287888 
287889 
205969 
287890 
205970 
287891 
205971 
287892 
205972 
287893 
205973 
287894 
205974 
287895 
205975 
205976 
287896 
287897 
205977 
287898 
205978 
205979 
205980 
205981 
205982 
205983 
205984 
205985 
205986 
205987 
205988 
42149 
205989 
42150 
205990 
42151 
205991 
42152 
205992 
42153 
205993 
42154 
205994 
42155 
205995 
42156 
205996 
287917 
42157 
205997 
205998 
287918 
42158 
42159 
205999 
42160 
206000 
42161 
206001 
42162 
206002 
42163 
206003 
206004 
206005 
206006 
206007 
206008 
206009 
206010 
206011 
206012 
206013 
206014 
206015 
206016 
206017 
206018 
206019 
206020 
206021 
206025 
206026 
206027 
206033 
206034 
206035 
206041 
206042 
206043 
206044 
206045 
42549 
42550 
42551 
42552 
42553 
42554 
42555 
42556 
42557 
42558 
42559 
42560 
42562 
42563 
206803 
206819 
206820 
206821 
206830 
206831 
206832 
206833 
206834 
206835 
206836 
206837 
206849 
206850 
206851 
206860 
206861 
206862 
206863 
206864 
206865 
206866 
206867 
10316 
10317 
10318 
10319 
10320 
10321 
10322 
10323 
10324 
10325 
10326 
10327 
10328 
10329 
10330 
338187 
338237 
338238 
338239 
338240 
338241 
338242 
338243 
338244 
338245 
338246 
338247 
338248 
338249 
338250 
338251 
338252 
338253 
371049 
371050 
371052 
371053 
371055 
371056 
338290 
371058 
371059 
371061 
338293 
371062 
338295 
338296 
371064 
338297 
371065 
338298 
371067 
338299 
371068 
338303 
338305 
338307 
338308 
338309 
338310 
338311 
338312 
338313 
338314 
371082 
338315 
371083 
338316 
371084 
371085 
338317 
371086 
338318 
371087 
338319 
371088 
338320 
371089 
338321 
371090 
338322 
338323 
371091 
338324 
371092 
338325 
371093 
371094 
371095 
371096 
371097 
371098 
371099 
371100 
371101 
371102 
305574 
371115 
371116 
371117 
371118 
371119 
371120 
371121 
371122 
371123 
371124 
371125 
371126 
371127 
371128 
371129 
371130 
371131 
338364 
371132 
371133 
371134 
371135 
338368 
338369 
338373 
338374 
338375 
338377 
371150 
371153 
371156 
371159 
305624 
305625 
371162 
305626 
305627 
10716 
305628 
10717 
371165 
305629 
10718 
305630 
305631 
10719 
371168 
10720 
305632 
305633 
10721 
10722 
305634 
10723 
305635 
305636 
10724 
305637 
10725 
305638 
10726 
305639 
10727 
305640 
10729 
10730 
338416 
338417 
338418 
338419 
338420 
338421 
338422 
338423 
338424 
338425 
338426 
338427 
338428 
338429 
338430 
338431 
338432 
338433 
338437 
338438 
338439 
338440 
338441 
338442 
305677 
305680 
305682 
305683 
305684 
305685 
305686 
305690 
305692 
305694 
305695 
305696 
305697 
305698 
305699 
305700 
305701 
305702 
305703 
305704 
305705 
305706 
305707 
305708 
305709 
305710 
305711 
305712 
305751 
305755 
305756 
305760 
305761 
305762 
305764 
305803 
305804 
305805 
305806 
305807 
305808 
305809 
305810 
305811 
305812 
305813 
305814 
305815 
305816 
305817 
305818 
305819 
305820 
305824 
305825 
305826 
305827 
305828 
305829 
289852 
289858 
289869 
289874 
289876 
289877 
289878 
289879 
289880 
289881 
289882 
289883 
289884 
289885 
289886 
289887 
289888 
289889 
289890 
289891 
289892 
289893 
289894 
289895 
289896 
289897 
289898 
289899 
289900 
289901 
289902 
289903 
289904 
289905 
289906 
289907 
289908 
289909 
289910 
289911 
289912 
289913 
289914 
289915 
289916 
289917 
289918 
289919 
289920 
289921 
289922 
289923 
289924 
289925 
289926 
289927 
289928 
289929 
289930 
289931 
289932 
289933 
289934 
289935 
289936 
289937 
289938 
289939 
289940 
289941 
289942 
289943 
289944 
289945 
289946 
289947 
289948 
289949 
289950 
289951 
289952 
289953 
289954 
289955 
289956 
372126 
372127 
372128 
372129 
372130 
372131 
372132 
372133 
372134 
372135 
372136 
372137 
372138 
372139 
372140 
372141 
372142 
372143 
372144 
372145 
372146 
372147 
372148 
372149 
372150 
372151 
372152 
372153 
372154 
372155 
372156 
372157 
372158 
372159 
372160 
372161 
372162 
372163 
372164 
372165 
372166 
372167 
372168 
372169 
372170 
372171 
372172 
372173 
372174 
372175 
372176 
372177 
372178 
372179 
372180 
372181 
372182 
372183 
372184 
372185 
372186 
372187 
372188 
290339 
290341 
290344 
290345 
290346 
290347 
290348 
290354 
290355 
290356 
290357 
290358 
290360 
290362 
290363 
290364 
290368 
290369 
290370 
290371 
290372 
290373 
290374 
290375 
290376 
290377 
290378 
290379 
290380 
290381 
290382 
290383 
290384 
290385 
290386 
290387 
290388 
290389 
290390 
290391 
290392 
290393 
290394 
290395 
290396 
290397 
290416 
290417 
372504 
372505 
372506 
372507 
372508 
372509 
372513 
372514 
372515 
372516 
372517 
372518 
372522 
372523 
372524 
372525 
372526 
372527 
372531 
372532 
372533 
372534 
372535 
372536 
372540 
372541 
372542 
372543 
372544 
372545 
372549 
372550 
372551 
372552 
372553 
372554 
372558 
372559 
372560 
372561 
372562 
372563 
372567 
372568 
372569 
372570 
372571 
372572 
372573 
372574 
372575 
372576 
372577 
372578 
372579 
372580 
372581 
372582 
372583 
372584 
372585 
372586 
372587 
372588 
372589 
372590 
372591 
372592 
372593 
372594 
372595 
372596 
372597 
372598 
372599 
372600 
372601 
372602 
372603 
372604 
372605 
372606 
372607 
372608 
372609 
372610 
372611 
372612 
372613 
372614 
372615 
372616 
372617 
372618 
372619 
372620 
372621 
372622 
372623 
372624 
372625 
372626 
372627 
372628 
372629 
372630 
372631 
372632 
372633 
372634 
372635 
372636 
372637 
372638 
372639 
372640 
372641 
372642 
372643 
372644 
372645 
372646 
372647 
372648 
372649 
372650 
372651 
372652 
372653 
372654 
372655 
372656 
372657 
372658 
372659 
372660 
372661 
372662 
372663 
372664 
372665 
372666 
372667 
372668 
372669 
372670 
372671 
372672 
372673 
372674 
372675 
372676 
372677 
372678 
372679 
372680 
372681 
372682 
372683 
372684 
372685 
372686 
372687 
372688 
372689 
372690 
372691 
372692 
372699 
372700 
372701 
372708 
372709 
372710 
372717 
372718 
372719 
372726 
372727 
372728 
372735 
372736 
372737 
372744 
372745 
372746 
372753 
372754 
372755 
275113 
275118 
275130 
275132 
275134 
275135 
275136 
275137 
275138 
275139 
275140 
275141 
275142 
275143 
275144 
275145 
275146 
275147 
275148 
275149 
275150 
275151 
275152 
275153 
275154 
275155 
275156 
275157 
275158 
275159 
275160 
275161 
275162 
275163 
275164 
275165 
275166 
275167 
275168 
275169 
275170 
275171 
275172 
275173 
275174 
275175 
275176 
275177 
275178 
275179 
275180 
275181 
275182 
275183 
275184 
275185 
275186 
275187 
275188 
275189 
275190 
275191 
275192 
275193 
275194 
275195 
275196 
275197 
275198 
275199 
275200 
275201 
275202 
275203 
275204 
275205 
275545 
275548 
275551 
275552 
275553 
275554 
275559 
275560 
275561 
275562 
275563 
275564 
275565 
275566 
275570 
275572 
275573 
275574 
275575 
275576 
275577 
275578 
275579 
275580 
275581 
275582 
275583 
275584 
275585 
275586 
275587 
275588 
275589 
275590 
275591 
275592 
275593 
275594 
275595 
275596 
275597 
275598 
275615 
275616 
357641 
357642 
357643 
357644 
357645 
357646 
357647 
357648 
357649 
357650 
357651 
357652 
357653 
357654 
357655 
357656 
357657 
357676 
357679 
357680 
357681 
357685 
357686 
357687 
357688 
357689 
357690 
357691 
357697 
357703 
357708 
357710 
357711 
357712 
357713 
357714 
357715 
357716 
357717 
357718 
357719 
357720 
357721 
357722 
357723 
357724 
357725 
357726 
357743 
357746 
357747 
357748 
357749 
357750 
357751 
357752 
357756 
357758 
357759 
357760 
357761 
357762 
357763 
357764 
357765 
357766 
357767 
357768 
357769 
357770 
357771 
357772 
357773 
357774 
357775 
357776 
357777 
357778 
357779 
357780 
357781 
357782 
357783 
357784 
357785 
357786 
357787 
357788 
357789 
357790 
357791 
357792 
357793 
357794 
357795 
357796 
357797 
357798 
357799 
357800 
357801 
357802 
325034 
357803 
325035 
357804 
325036 
357805 
325037 
357806 
325038 
357807 
325039 
357808 
325040 
357809 
325041 
357810 
325042 
357811 
325043 
357812 
325044 
357813 
325045 
357814 
325046 
357815 
325047 
357816 
325048 
357817 
325049 
357818 
325050 
357819 
357820 
357821 
357822 
357823 
357824 
357825 
357826 
357827 
357828 
357829 
357830 
357831 
357832 
357833 
357834 
357835 
357836 
357837 
325069 
357838 
357839 
357840 
325072 
357841 
325073 
357842 
325074 
357843 
357844 
357845 
357846 
325078 
357847 
325079 
357848 
325080 
357849 
325081 
357850 
325082 
357851 
325083 
357852 
325084 
357853 
357854 
357855 
357856 
357857 
357858 
325090 
357859 
357860 
357861 
357862 
357863 
357864 
325096 
357865 
357866 
357867 
357868 
357869 
325101 
357870 
357871 
325103 
357872 
325104 
357873 
325105 
357874 
325106 
357875 
325107 
357876 
325108 
357877 
325109 
357878 
325110 
357879 
325111 
357880 
325112 
357881 
325113 
357882 
325114 
357883 
325115 
357884 
325116 
357885 
325117 
357886 
325118 
357887 
325119 
357888 
325120 
357889 
325121 
357890 
325122 
357891 
357892 
357893 
357894 
357895 
357896 
357897 
357898 
357899 
357900 
357901 
357902 
357903 
357904 
357905 
357906 
357907 
357908 
357909 
357910 
325142 
357911 
357912 
357913 
325145 
357914 
325146 
357915 
325147 
357916 
325148 
357917 
325149 
357918 
325150 
357919 
325151 
357920 
325152 
357921 
357922 
357923 
357924 
357925 
325157 
357926 
357927 
357928 
325160 
357929 
325161 
357930 
325162 
357931 
325163 
357932 
325164 
357933 
325165 
357934 
325166 
357935 
325167 
357936 
325168 
357937 
325169 
357938 
325170 
357939 
325171 
357940 
325172 
357941 
325173 
357942 
325174 
357943 
325175 
357944 
325176 
357945 
325177 
357946 
325178 
357947 
325179 
357948 
325180 
357949 
325181 
357950 
325182 
357951 
325183 
357952 
325184 
357953 
325185 
357954 
325186 
357955 
325187 
357956 
325188 
292421 
357957 
325189 
292422 
357958 
325190 
292423 
357959 
325191 
292424 
357960 
325192 
292425 
357961 
325193 
292426 
357962 
325194 
292427 
357963 
325195 
292428 
357964 
325196 
292429 
357965 
325197 
292430 
357966 
325198 
292431 
357967 
325199 
292432 
357968 
325200 
292433 
357969 
325201 
292434 
357970 
325202 
292435 
357971 
325203 
292436 
357972 
325204 
292437 
357973 
325205 
357974 
325206 
357975 
325207 
357976 
325208 
357977 
325209 
357978 
325210 
357979 
325211 
357980 
325212 
357981 
325213 
357982 
325214 
357983 
325215 
357984 
325216 
357985 
325217 
357986 
325218 
357987 
325219 
357988 
325220 
357989 
325221 
357990 
243302 
325222 
292455 
357991 
243303 
325223 
243304 
325224 
325225 
325226 
292459 
325227 
292460 
243308 
325228 
292461 
243309 
325229 
243310 
325230 
243311 
325231 
243312 
325232 
292465 
325233 
292466 
325234 
292467 
325235 
292468 
243316 
325236 
292469 
243317 
325237 
292470 
243318 
325238 
292471 
243319 
325239 
243320 
325240 
325241 
358010 
325242 
325243 
325244 
292477 
325245 
243326 
358014 
325246 
243327 
358015 
325247 
243328 
325248 
243329 
325249 
243330 
325250 
292483 
243331 
358019 
325251 
358020 
243332 
325252 
358021 
243333 
325253 
243334 
325254 
358023 
243335 
325255 
292488 
243336 
325256 
243337 
325257 
292490 
243338 
325258 
292491 
325259 
243339 
292492 
243340 
325260 
292493 
243341 
325261 
292494 
243342 
325262 
292495 
243343 
325263 
292496 
243344 
325264 
243345 
325265 
292497 
292498 
243346 
325266 
292499 
243347 
325267 
243348 
325268 
292500 
292501 
243349 
325269 
292502 
243350 
325270 
292503 
325271 
243351 
243352 
325272 
292504 
243353 
325273 
292505 
292506 
243354 
325274 
243355 
325275 
292507 
292508 
243356 
325276 
358045 
325277 
243357 
292509 
243358 
358046 
325278 
358047 
243359 
325279 
358048 
243360 
325280 
358049 
243361 
325281 
358050 
243362 
325282 
358051 
243363 
325283 
358052 
243364 
325284 
358053 
243365 
325285 
358054 
243366 
325286 
358055 
243367 
325287 
243368 
358056 
325288 
358057 
325289 
243369 
358058 
243370 
325290 
358059 
243371 
325291 
358060 
243372 
325292 
358061 
243373 
325293 
243374 
325294 
243375 
325295 
243376 
325296 
292529 
243377 
325297 
243378 
325298 
243379 
325299 
292532 
243380 
325300 
292533 
325301 
243381 
243382 
325302 
292534 
292535 
243383 
325303 
292536 
243384 
325304 
292537 
243385 
325305 
243386 
325306 
292538 
325307 
243387 
292539 
243388 
325308 
243389 
325309 
358078 
243390 
325310 
243391 
325311 
325312 
292544 
325313 
358082 
325314 
292547 
358083 
243395 
325315 
292548 
243396 
358084 
325316 
292549 
358085 
243397 
325317 
292550 
358086 
325318 
325319 
292551 
292552 
325320 
292553 
325321 
292554 
325322 
292555 
243403 
325323 
292556 
243404 
325324 
292557 
243405 
325325 
292558 
325326 
325327 
292559 
325328 
292560 
325329 
292561 
325330 
292562 
243411 
325331 
292563 
292564 
243412 
325332 
292565 
243413 
325333 
292566 
243414 
325334 
292567 
243415 
325335 
325336 
292568 
292569 
325337 
292570 
325338 
292571 
325339 
292572 
325340 
325341 
292573 
292574 
325342 
292575 
325343 
325344 
292576 
325345 
292577 
325346 
292578 
325347 
292579 
325348 
292580 
325349 
292581 
325350 
292582 
325351 
292583 
325352 
292584 
325353 
292585 
325354 
292586 
325355 
292587 
325356 
292588 
325357 
292589 
325358 
292590 
325359 
292591 
325360 
292592 
325361 
292593 
325362 
292594 
325363 
292595 
325364 
292596 
325365 
292597 
325366 
292598 
325367 
292599 
325368 
292600 
325369 
292601 
325370 
292602 
325371 
292603 
325372 
292604 
325373 
292605 
325374 
292606 
325375 
292607 
325376 
292608 
325377 
292609 
325378 
292610 
325379 
292611 
325380 
292612 
325381 
292613 
325382 
292614 
325383 
292615 
325384 
292616 
325385 
292617 
325386 
292618 
325387 
292619 
325388 
292620 
325389 
292621 
325390 
292622 
325391 
292623 
325392 
292624 
325393 
292625 
325394 
292626 
325395 
292627 
325396 
292628 
325397 
292629 
325398 
292630 
325399 
292631 
325400 
292632 
325401 
292633 
325402 
292634 
325403 
292635 
325404 
292636 
325405 
292637 
325406 
292638 
325407 
292639 
325408 
292640 
325409 
292641 
325410 
292642 
325411 
292643 
292644 
292645 
292646 
292647 
292648 
292649 
292650 
292651 
292652 
292653 
292654 
292655 
292656 
292657 
292658 
292659 
292660 
292661 
325430 
292662 
292663 
292664 
292665 
325434 
292666 
325435 
292667 
292668 
292669 
292670 
325439 
292671 
325440 
292672 
325441 
292673 
292674 
325443 
292675 
292676 
292677 
292678 
292679 
292680 
292681 
292682 
292683 
292684 
292685 
292686 
292687 
292688 
292689 
292690 
292691 
292692 
292693 
292694 
292695 
292696 
325465 
292697 
325466 
292698 
325467 
292699 
325468 
292700 
325469 
292701 
325470 
292702 
325471 
292703 
325472 
292704 
325473 
292705 
325474 
292706 
325475 
292707 
325476 
292708 
325477 
292709 
325478 
292710 
325479 
292711 
325480 
292712 
325481 
292713 
292714 
292715 
292716 
292717 
292718 
292719 
292720 
292721 
292722 
292723 
292724 
292725 
292726 
292727 
292728 
292729 
292730 
292731 
292732 
325501 
292733 
292734 
292735 
292736 
325505 
292737 
325506 
292738 
325507 
292739 
325508 
292740 
325509 
292741 
325510 
292742 
292743 
292744 
292745 
292746 
63371 
292747 
63372 
292748 
63373 
292749 
63374 
292750 
63375 
292751 
63376 
292752 
63377 
292753 
63378 
292754 
63379 
292755 
63380 
292756 
63381 
292757 
63382 
292758 
63383 
292759 
63384 
292760 
63385 
292761 
292762 
292763 
292764 
292765 
292766 
292767 
292768 
292769 
292770 
292771 
292772 
292773 
292774 
292775 
292776 
292777 
292778 
292779 
292780 
292781 
292782 
292783 
292784 
292785 
292786 
292787 
292788 
292789 
292790 
292791 
292792 
292793 
292794 
292795 
292796 
292797 
292798 
292816 
292821 
292822 
292826 
292827 
292828 
292829 
292852 
292853 
292854 
292855 
292856 
292857 
292858 
292859 
292860 
292861 
292862 
292863 
292864 
292865 
292866 
292867 
292868 
292888 
292892 
292893 
292894 
292895 
292896 
292897 
63771 
63772 
63773 
63774 
63775 
63776 
63777 
63778 
63779 
63780 
63781 
63782 
63784 
63785 
244173 
244189 
244190 
244191 
244200 
244201 
244202 
244203 
244204 
244205 
244206 
244207 
244219 
244220 
244221 
244230 
244231 
244232 
244233 
244234 
244235 
244236 
244237 
31538 
31539 
31540 
31541 
31542 
31543 
31544 
31545 
31546 
31547 
31548 
31549 
31550 
31551 
31552 
277357 
277363 
277374 
277379 
277381 
277382 
277383 
277384 
277385 
277386 
277387 
277388 
277389 
277390 
277391 
277392 
277393 
277394 
277395 
277396 
277397 
277398 
277399 
277400 
277401 
277402 
277403 
277404 
277405 
277406 
277407 
277408 
277409 
277410 
277411 
277412 
277413 
277414 
277415 
277416 
277417 
277418 
277419 
277420 
277421 
277422 
277423 
277424 
277425 
277426 
277427 
277428 
277429 
277430 
277431 
277432 
277433 
277434 
277435 
277436 
277437 
277438 
277439 
277440 
277441 
277442 
277443 
277444 
277445 
277446 
277447 
277448 
277449 
277450 
277451 
277452 
277453 
277454 
277455 
277456 
277457 
277458 
277459 
277460 
277461 
228354 
228355 
228356 
228360 
228361 
228362 
228363 
228364 
228368 
228369 
228370 
228371 
228372 
228378 
228379 
228380 
228381 
228382 
228383 
228384 
228385 
228386 
228387 
228388 
228389 
228390 
228391 
228392 
228393 
228394 
228395 
228396 
228397 
228398 
228399 
228400 
228401 
228402 
228403 
228404 
228405 
228406 
228407 
228408 
228409 
228410 
228411 
228412 
228413 
228414 
228415 
228416 
228417 
228418 
228419 
228420 
228421 
228422 
228423 
228424 
228425 
228426 
228427 
228428 
228429 
228430 
228431 
228432 
228433 
228434 
228435 
228436 
228437 
228438 
228439 
228440 
228441 
228442 
228443 
228447 
228448 
228449 
228455 
228456 
228457 
228463 
228464 
228465 
228466 
228467 
31938 
31939 
31940 
31941 
31942 
31943 
31944 
31945 
31946 
31947 
31948 
31949 
31951 
31952 
376095 
376096 
376125 
376126 
359764 
277844 
277846 
277849 
277850 
277851 
376155 
277852 
277853 
277859 
277860 
277861 
277862 
277863 
277865 
277867 
277868 
277869 
277873 
277874 
277875 
277876 
277877 
277878 
277879 
277880 
277881 
277882 
277883 
277884 
359805 
277885 
359806 
277886 
359807 
277887 
359808 
277888 
359809 
277889 
359810 
277890 
359811 
277891 
359812 
277892 
359813 
277893 
359814 
277894 
359815 
277895 
359816 
277896 
359817 
277897 
359818 
277898 
359819 
277899 
359820 
277900 
359821 
277901 
277902 
277921 
277922 
359858 
359861 
359863 
359864 
359865 
359866 
359867 
359871 
359873 
359875 
359876 
359877 
359878 
359879 
359880 
359881 
359882 
359883 
359884 
359885 
359886 
359887 
359888 
359889 
359890 
359923 
359927 
359928 
359932 
359933 
359934 
359936 
359975 
359976 
359977 
359978 
359979 
359980 
359981 
359982 
359983 
359984 
359985 
359986 
359987 
359988 
359989 
359990 
359991 
359992 
359996 
359997 
359998 
359999 
360000 
327316 
327366 
327367 
327368 
327369 
327370 
327371 
327372 
327373 
327374 
327375 
327376 
327377 
327378 
327379 
327380 
327381 
327382 
327419 
327422 
327424 
327425 
327426 
327427 
327428 
327432 
327434 
327436 
327437 
327438 
327439 
327440 
327441 
327442 
327443 
327444 
327445 
327446 
327447 
327448 
327449 
327450 
327451 
327452 
327453 
327454 
294703 
327493 
327497 
327498 
327502 
327503 
327504 
327506 
294753 
294754 
294755 
294756 
294757 
294758 
294759 
294760 
229225 
294761 
294762 
294763 
294764 
294765 
294766 
294767 
294768 
294769 
229241 
327545 
229242 
327546 
229243 
327547 
327548 
327549 
327550 
327551 
327552 
327553 
327554 
327555 
229252 
327556 
229253 
327557 
229254 
327558 
229255 
327559 
229256 
327560 
229257 
327561 
229258 
327562 
229259 
327566 
327567 
327568 
327569 
327570 
327571 
294806 
229271 
229272 
229273 
294809 
294811 
294812 
294813 
294814 
294815 
229282 
229283 
294819 
229284 
229285 
294821 
229286 
229287 
294823 
229288 
294824 
229289 
294825 
294826 
294827 
294828 
294829 
294830 
294831 
294832 
294833 
294834 
294835 
294836 
294837 
294838 
294839 
294840 
294841 
294879 
294884 
294885 
294889 
294890 
294891 
294892 
)

// ************************************************************************* //
