/*--------------------------------*- C++ -*----------------------------------*\
| =========                 |                                                 |
| \\      /  F ield         | OpenFOAM: The Open Source CFD Toolbox           |
|  \\    /   O peration     | Version:  5.x                                   |
|   \\  /    A nd           | Web:      www.OpenFOAM.org                      |
|    \\/     M anipulation  |                                                 |
\*---------------------------------------------------------------------------*/
FoamFile
{
    version     2.0;
    format      ascii;
    class       faceSet;
    location    "constant/polyMesh/sets";
    object      gasInletFaces;
}
// * * * * * * * * * * * * * * * * * * * * * * * * * * * * * * * * * * * * * //


218
(
45 
48 
49 
50 
51 
52 
53 
213645 
213648 
213649 
213650 
213651 
213652 
213653 
99725 
99728 
99729 
99730 
99731 
99732 
99733 
313325 
313328 
313329 
313330 
313331 
313332 
313333 
199405 
199408 
199409 
199410 
199411 
199412 
199413 
85485 
85488 
85489 
85490 
85491 
85492 
85493 
299085 
299088 
299089 
299090 
299091 
299092 
299093 
447200 
447240 
185165 
185168 
185169 
185170 
185171 
185172 
185173 
71245 
71248 
71249 
71250 
71251 
71252 
71253 
284845 
284848 
284849 
284850 
284851 
284852 
284853 
170925 
170928 
170929 
170930 
170931 
170932 
170933 
57005 
57008 
57009 
57010 
57011 
57012 
57013 
270605 
270608 
270609 
270610 
270611 
270612 
270613 
156685 
156688 
156689 
156690 
156691 
156692 
156693 
42765 
42768 
42769 
42770 
42771 
42772 
42773 
256365 
256368 
256369 
256370 
256371 
256372 
256373 
142445 
142448 
142449 
142450 
142451 
142452 
142453 
28525 
28528 
28529 
28530 
28531 
28532 
28533 
242125 
242128 
242129 
242130 
242131 
242132 
242133 
128205 
128208 
128209 
128210 
128211 
128212 
128213 
439616 
439617 
439618 
439619 
439620 
439621 
439622 
439623 
439624 
439625 
439626 
439627 
439628 
439629 
439630 
439631 
439632 
439633 
439634 
439635 
439636 
439637 
439638 
439639 
439647 
439648 
439649 
439650 
439651 
439652 
439653 
439654 
439655 
439656 
439657 
439658 
439659 
439660 
439661 
439662 
439663 
439664 
439665 
439666 
439667 
439668 
439669 
439670 
14285 
14288 
14289 
14290 
14291 
14292 
14293 
227885 
227888 
227889 
227890 
227891 
227892 
227893 
113965 
113968 
113969 
113970 
113971 
113972 
113973 
327565 
327568 
327569 
327570 
327571 
327572 
327573 
)

// ************************************************************************* //
