/*--------------------------------*- C++ -*----------------------------------*\
| =========                 |                                                 |
| \\      /  F ield         | OpenFOAM: The Open Source CFD Toolbox           |
|  \\    /   O peration     | Version:  5.x                                   |
|   \\  /    A nd           | Web:      www.OpenFOAM.org                      |
|    \\/     M anipulation  |                                                 |
\*---------------------------------------------------------------------------*/
FoamFile
{
    version     2.0;
    format      ascii;
    class       faceSet;
    location    "constant/polyMesh/sets";
    object      groundFaces;
}
// * * * * * * * * * * * * * * * * * * * * * * * * * * * * * * * * * * * * * //


3000
(
262144 
262145 
262146 
262147 
262148 
262149 
262150 
262151 
262152 
262153 
262154 
262155 
262156 
262157 
262158 
262159 
262160 
262161 
262162 
262163 
262164 
262165 
262166 
262167 
262168 
262169 
262170 
262171 
262172 
262173 
262174 
262175 
262176 
262177 
262178 
262179 
262180 
262181 
262182 
262183 
262184 
262185 
262186 
262187 
262188 
262189 
262190 
262191 
262192 
262193 
262194 
262195 
262196 
262197 
262198 
262199 
262200 
262201 
262202 
262203 
262204 
262205 
262206 
262207 
262208 
262209 
262210 
262211 
262212 
262213 
262214 
262215 
262216 
262217 
262218 
262219 
262220 
262221 
262222 
262223 
262224 
262225 
262226 
262227 
262228 
262229 
262230 
262231 
262232 
262233 
262234 
262235 
262236 
262237 
262238 
262239 
262240 
262241 
262242 
262243 
262244 
262245 
262246 
262247 
262248 
262249 
262250 
262251 
262252 
262253 
262254 
262255 
262256 
262257 
262258 
262259 
262260 
262261 
262262 
262263 
262264 
262265 
262266 
262267 
262268 
262269 
262270 
262271 
262272 
262273 
262274 
262275 
262276 
262277 
262278 
262279 
262280 
262281 
262282 
262283 
262284 
262285 
262286 
262287 
262288 
262289 
262290 
262291 
262292 
262293 
262294 
262295 
262296 
262297 
262298 
262299 
262300 
262301 
262302 
262303 
262304 
262305 
262306 
262307 
262308 
262309 
262310 
262311 
262312 
262313 
262314 
262315 
262316 
262317 
262318 
262319 
262320 
262321 
262322 
262323 
262324 
262325 
262326 
262327 
262328 
262329 
262330 
262331 
262332 
262333 
262334 
262335 
262336 
262337 
262338 
262339 
262340 
262341 
262342 
262343 
262344 
262345 
262346 
262347 
262348 
262349 
262350 
262351 
262352 
262353 
262354 
262355 
262356 
262357 
262358 
262359 
262360 
262361 
262362 
262363 
262364 
262365 
262366 
262367 
262368 
262369 
262370 
262371 
262372 
262373 
262374 
262375 
262376 
262377 
262378 
262379 
262380 
262381 
262382 
262383 
262384 
262385 
262386 
262387 
262388 
262389 
262390 
262391 
262392 
262393 
262394 
262395 
262396 
262397 
262398 
262399 
262400 
262401 
262402 
262403 
262404 
262405 
262406 
262407 
262408 
262409 
262410 
262411 
262412 
262413 
262414 
262415 
262416 
262417 
262418 
262419 
262420 
262421 
262422 
262423 
262424 
262425 
262426 
262427 
262428 
262429 
262430 
262431 
262432 
262433 
262434 
262435 
262436 
262437 
262438 
262439 
262440 
262441 
262442 
262443 
262444 
262445 
262446 
262447 
262448 
262449 
262450 
262451 
262452 
262453 
262454 
262455 
262456 
262457 
262458 
262459 
262460 
262461 
262462 
262463 
262464 
262465 
262466 
262467 
262468 
262469 
262470 
262471 
262472 
262473 
262474 
262475 
262476 
262477 
262478 
262479 
262480 
262481 
262482 
262483 
262484 
262485 
262486 
262487 
262488 
262489 
262490 
262491 
262492 
262493 
262494 
262495 
262496 
262497 
262498 
262499 
262500 
262501 
262502 
262503 
262504 
262505 
262506 
262507 
262508 
262509 
262510 
262511 
262512 
262513 
262514 
262515 
262516 
262517 
262518 
262519 
262520 
262521 
262522 
262523 
262524 
262525 
262526 
262527 
262528 
262529 
262530 
262531 
262532 
262533 
262534 
262535 
262536 
262537 
262538 
262539 
262540 
262541 
262542 
262543 
262544 
262545 
262546 
262547 
262548 
262549 
262550 
262551 
262552 
262553 
262554 
262555 
262556 
262557 
262558 
262559 
262560 
262561 
262562 
262563 
262564 
262565 
262566 
262567 
262568 
262569 
262570 
262571 
262572 
262573 
262574 
262575 
262576 
262577 
262578 
262579 
262580 
262581 
262582 
262583 
262584 
262585 
262586 
262587 
262588 
262589 
262590 
262591 
262592 
262593 
262594 
262595 
262596 
262597 
262598 
262599 
262600 
262601 
262602 
262603 
262604 
262605 
262606 
262607 
262608 
262609 
262610 
262611 
262612 
262613 
262614 
262615 
262616 
262617 
262618 
262619 
262620 
262621 
262622 
262623 
262624 
262625 
262626 
262627 
262628 
262629 
262630 
262631 
262632 
262633 
262634 
262635 
262636 
262637 
262638 
262639 
262640 
262641 
262642 
262643 
262644 
262645 
262646 
262647 
262648 
262649 
262650 
262651 
262652 
262653 
262654 
262655 
262656 
262657 
262658 
262659 
262660 
262661 
262662 
262663 
262664 
262665 
262666 
262667 
262668 
262669 
262670 
262671 
262672 
262673 
262674 
262675 
262676 
262677 
262678 
262679 
262680 
262681 
262682 
262683 
262684 
262685 
262686 
262687 
262688 
262689 
262690 
262691 
262692 
262693 
262694 
262695 
262696 
262697 
262698 
262699 
262700 
262701 
262702 
262703 
262704 
262705 
262706 
262707 
262708 
262709 
262710 
262711 
262712 
262713 
262714 
262715 
262716 
262717 
262718 
262719 
262720 
262721 
262722 
262723 
262724 
262725 
262726 
262727 
262728 
262729 
262730 
262731 
262732 
262733 
262734 
262735 
262736 
262737 
262738 
262739 
262740 
262741 
262742 
262743 
262744 
262745 
262746 
262747 
262748 
262749 
262750 
262751 
262752 
262753 
262754 
262755 
262756 
262757 
262758 
262759 
262760 
262761 
262762 
262763 
262764 
262765 
262766 
262767 
262768 
262769 
262770 
262771 
262772 
262773 
262774 
262775 
262776 
262777 
262778 
262779 
262780 
262781 
262782 
262783 
262784 
262785 
262786 
262787 
262788 
262789 
262790 
262791 
262792 
262793 
262794 
262795 
262796 
262797 
262798 
262799 
262800 
262801 
262802 
262803 
262804 
262805 
262806 
262807 
262808 
262809 
262810 
262811 
262812 
262813 
262814 
262815 
262816 
262817 
262818 
262819 
262820 
262821 
262822 
262823 
262824 
262825 
262826 
262827 
262828 
262829 
262830 
262831 
262832 
262833 
262834 
262835 
262836 
262837 
262838 
262839 
262840 
262841 
262842 
262843 
262844 
262845 
262846 
262847 
262848 
262849 
262850 
262851 
262852 
262853 
262854 
262855 
262856 
262857 
262858 
262859 
262860 
262861 
262862 
262863 
262864 
262865 
262866 
262867 
262868 
262869 
262870 
262871 
262872 
262873 
262874 
262875 
262876 
262877 
262878 
262879 
262880 
262881 
262882 
262883 
262884 
262885 
262886 
262887 
262888 
262889 
262890 
262891 
262892 
262893 
262894 
262895 
262896 
262897 
262898 
262899 
262900 
262901 
262902 
262903 
262904 
262905 
262906 
262907 
262908 
262909 
262910 
262911 
262912 
262913 
262914 
262915 
262916 
262917 
262918 
262919 
262920 
262921 
262922 
262923 
262924 
262925 
262926 
262927 
262928 
262929 
262930 
262931 
262932 
262933 
262934 
262935 
262936 
262937 
262938 
262939 
262940 
262941 
262942 
262943 
262944 
262945 
262946 
262947 
262948 
262949 
262950 
262951 
262952 
262953 
262954 
262955 
262956 
262957 
262958 
262959 
262960 
262961 
262962 
262963 
262964 
262965 
262966 
262967 
262968 
262969 
262970 
262971 
262972 
262973 
262974 
262975 
262976 
262977 
262978 
262979 
262980 
262981 
262982 
262983 
262984 
262985 
262986 
262987 
262988 
262989 
262990 
262991 
262992 
262993 
262994 
262995 
262996 
262997 
262998 
262999 
263000 
263001 
263002 
263003 
263004 
263005 
263006 
263007 
263008 
263009 
263010 
263011 
263012 
263013 
263014 
263015 
263016 
263017 
263018 
263019 
263020 
263021 
263022 
263023 
263024 
263025 
263026 
263027 
263028 
263029 
263030 
263031 
263032 
263033 
263034 
263035 
263036 
263037 
263038 
263039 
263040 
263041 
263042 
263043 
263044 
263045 
263046 
263047 
263048 
263049 
263050 
263051 
263052 
263053 
263054 
263055 
263056 
263057 
263058 
263059 
263060 
263061 
263062 
263063 
263064 
263065 
263066 
263067 
263068 
263069 
263070 
263071 
263072 
263073 
263074 
263075 
263076 
263077 
263078 
263079 
263080 
263081 
263082 
263083 
263084 
263085 
263086 
263087 
263088 
263089 
263090 
263091 
263092 
263093 
263094 
263095 
263096 
263097 
263098 
263099 
263100 
263101 
263102 
263103 
263104 
263105 
263106 
263107 
263108 
263109 
263110 
263111 
263112 
263113 
263114 
263115 
263116 
263117 
263118 
263119 
263120 
263121 
263122 
263123 
263124 
263125 
263126 
263127 
263128 
263129 
263130 
263131 
263132 
263133 
263134 
263135 
263136 
263137 
263138 
263139 
263140 
263141 
263142 
263143 
263144 
263145 
263146 
263147 
263148 
263149 
263150 
263151 
263152 
263153 
263154 
263155 
263156 
263157 
263158 
263159 
263160 
263161 
263162 
263163 
263164 
263165 
263166 
263167 
263168 
263169 
263170 
263171 
263172 
263173 
263174 
263175 
263176 
263177 
263178 
263179 
263180 
263181 
263182 
263183 
263184 
263185 
263186 
263187 
263188 
263189 
263190 
263191 
263192 
263193 
263194 
263195 
263196 
263197 
263198 
263199 
263200 
263201 
263202 
263203 
263204 
263205 
263206 
263207 
263208 
263209 
263210 
263211 
263212 
263213 
263214 
263215 
263216 
263217 
263218 
263219 
263220 
263221 
263222 
263223 
263224 
263225 
263226 
263227 
263228 
263229 
263230 
263231 
263232 
263233 
263234 
263235 
263236 
263237 
263238 
263239 
263240 
263241 
263242 
263243 
263244 
263245 
263246 
263247 
263248 
263249 
263250 
263251 
263252 
263253 
263254 
263255 
263256 
263257 
263258 
263259 
263260 
263261 
263262 
263263 
263264 
263265 
263266 
263267 
263268 
263269 
263270 
263271 
263272 
263273 
263274 
263275 
263276 
263277 
263278 
263279 
263280 
263281 
263282 
263283 
263284 
263285 
263286 
263287 
263288 
263289 
263290 
263291 
263292 
263293 
263294 
263295 
263296 
263297 
263298 
263299 
263300 
263301 
263302 
263303 
263304 
263305 
263306 
263307 
263308 
263309 
263310 
263311 
263312 
263313 
263314 
263315 
263316 
263317 
263318 
263319 
263320 
263321 
263322 
263323 
263324 
263325 
263326 
263327 
263328 
263329 
263330 
263331 
263332 
263333 
263334 
263335 
263336 
263337 
263338 
263339 
263340 
263341 
263342 
263343 
263344 
263345 
263346 
263347 
263348 
263349 
263350 
263351 
263352 
263353 
263354 
263355 
263356 
263357 
263358 
263359 
263360 
263361 
263362 
263363 
263364 
263365 
263366 
263367 
263368 
263369 
263370 
263371 
263372 
263373 
263374 
263375 
263376 
263377 
263378 
263379 
263380 
263381 
263382 
263383 
263384 
263385 
263386 
263387 
263388 
263389 
263390 
263391 
263392 
263393 
263394 
263395 
263396 
263397 
263398 
263399 
263400 
263401 
263402 
263403 
263404 
263405 
263406 
263407 
263408 
263409 
263410 
263411 
263412 
263413 
263414 
263415 
263416 
263417 
263418 
263419 
263420 
263421 
263422 
263423 
263424 
263425 
263426 
263427 
263428 
263429 
263430 
263431 
263432 
263433 
263434 
263435 
263436 
263437 
263438 
263439 
263440 
263441 
263442 
263443 
263444 
263445 
263446 
263447 
263448 
263449 
263450 
263451 
263452 
263453 
263454 
263455 
263456 
263457 
263458 
263459 
263460 
263461 
263462 
263463 
263464 
263465 
263466 
263467 
263468 
263469 
263470 
263471 
263472 
263473 
263474 
263475 
263476 
263477 
263478 
263479 
263480 
263481 
263482 
263483 
263484 
263485 
263486 
263487 
263488 
263489 
263490 
263491 
263492 
263493 
263494 
263495 
263496 
263497 
263498 
263499 
263500 
263501 
263502 
263503 
263504 
263505 
263506 
263507 
263508 
263509 
263510 
263511 
263512 
263513 
263514 
263515 
263516 
263517 
263518 
263519 
263520 
263521 
263522 
263523 
263524 
263525 
263526 
263527 
263528 
263529 
263530 
263531 
263532 
263533 
263534 
263535 
263536 
263537 
263538 
263539 
263540 
263541 
263542 
263543 
263544 
263545 
263546 
263547 
263548 
263549 
263550 
263551 
263552 
263553 
263554 
263555 
263556 
263557 
263558 
263559 
263560 
263561 
263562 
263563 
263564 
263565 
263566 
263567 
263568 
263569 
263570 
263571 
263572 
263573 
263574 
263575 
263576 
263577 
263578 
263579 
263580 
263581 
263582 
263583 
263584 
263585 
263586 
263587 
263588 
263589 
263590 
263591 
263592 
263593 
263594 
263595 
263596 
263597 
263598 
263599 
263600 
263601 
263602 
263603 
263604 
263605 
263606 
263607 
263608 
263609 
263610 
263611 
263612 
263613 
263614 
263615 
263616 
263617 
263618 
263619 
263620 
263621 
263622 
263623 
263624 
263625 
263626 
263627 
263628 
263629 
263630 
263631 
263632 
263633 
263634 
263635 
263636 
263637 
263638 
263639 
263640 
263641 
263642 
263643 
263644 
263645 
263646 
263647 
263648 
263649 
263650 
263651 
263652 
263653 
263654 
263655 
263656 
263657 
263658 
263659 
263660 
263661 
263662 
263663 
263664 
263665 
263666 
263667 
263668 
263669 
263670 
263671 
263672 
263673 
263674 
263675 
263676 
263677 
263678 
263679 
263680 
263681 
263682 
263683 
263684 
263685 
263686 
263687 
263688 
263689 
263690 
263691 
263692 
263693 
263694 
263695 
263696 
263697 
263698 
263699 
263700 
263701 
263702 
263703 
263704 
263705 
263706 
263707 
263708 
263709 
263710 
263711 
263712 
263713 
263714 
263715 
263716 
263717 
263718 
263719 
263720 
263721 
263722 
263723 
263724 
263725 
263726 
263727 
263728 
263729 
263730 
263731 
263732 
263733 
263734 
263735 
263736 
263737 
263738 
263739 
263740 
263741 
263742 
263743 
263744 
263745 
263746 
263747 
263748 
263749 
263750 
263751 
263752 
263753 
263754 
263755 
263756 
263757 
263758 
263759 
263760 
263761 
263762 
263763 
263764 
263765 
263766 
263767 
263768 
263769 
263770 
263771 
263772 
263773 
263774 
263775 
263776 
263777 
263778 
263779 
263780 
263781 
263782 
263783 
263784 
263785 
263786 
263787 
263788 
263789 
263790 
263791 
263792 
263793 
263794 
263795 
263796 
263797 
263798 
263799 
263800 
263801 
263802 
263803 
263804 
263805 
263806 
263807 
263808 
263809 
263810 
263811 
263812 
263813 
263814 
263815 
263816 
263817 
263818 
263819 
263820 
263821 
263822 
263823 
263824 
263825 
263826 
263827 
263828 
263829 
263830 
263831 
263832 
263833 
263834 
263835 
263836 
263837 
263838 
263839 
263840 
263841 
263842 
263843 
263844 
263845 
263846 
263847 
263848 
263849 
263850 
263851 
263852 
263853 
263854 
263855 
263856 
263857 
263858 
263859 
263860 
263861 
263862 
263863 
263864 
263865 
263866 
263867 
263868 
263869 
263870 
263871 
263872 
263873 
263874 
263875 
263876 
263877 
263878 
263879 
263880 
263881 
263882 
263883 
263884 
263885 
263886 
263887 
263888 
263889 
263890 
263891 
263892 
263893 
263894 
263895 
263896 
263897 
263898 
263899 
263900 
263901 
263902 
263903 
263904 
263905 
263906 
263907 
263908 
263909 
263910 
263911 
263912 
263913 
263914 
263915 
263916 
263917 
263918 
263919 
263920 
263921 
263922 
263923 
263924 
263925 
263926 
263927 
263928 
263929 
263930 
263931 
263932 
263933 
263934 
263935 
263936 
263937 
263938 
263939 
263940 
263941 
263942 
263943 
263944 
263945 
263946 
263947 
263948 
263949 
263950 
263951 
263952 
263953 
263954 
263955 
263956 
263957 
263958 
263959 
263960 
263961 
263962 
263963 
263964 
263965 
263966 
263967 
263968 
263969 
263970 
263971 
263972 
263973 
263974 
263975 
263976 
263977 
263978 
263979 
263980 
263981 
263982 
263983 
263984 
263985 
263986 
263987 
263988 
263989 
263990 
263991 
263992 
263993 
263994 
263995 
263996 
263997 
263998 
263999 
264000 
264001 
264002 
264003 
264004 
264005 
264006 
264007 
264008 
264009 
264010 
264011 
264012 
264013 
264014 
264015 
264016 
264017 
264018 
264019 
264020 
264021 
264022 
264023 
264024 
264025 
264026 
264027 
264028 
264029 
264030 
264031 
264032 
264033 
264034 
264035 
264036 
264037 
264038 
264039 
264040 
264041 
264042 
264043 
264044 
264045 
264046 
264047 
264048 
264049 
264050 
264051 
264052 
264053 
264054 
264055 
264056 
264057 
264058 
264059 
264060 
264061 
264062 
264063 
264064 
264065 
264066 
264067 
264068 
264069 
264070 
264071 
264072 
264073 
264074 
264075 
264076 
264077 
264078 
264079 
264080 
264081 
264082 
264083 
264084 
264085 
264086 
264087 
264088 
264089 
264090 
264091 
264092 
264093 
264094 
264095 
264096 
264097 
264098 
264099 
264100 
264101 
264102 
264103 
264104 
264105 
264106 
264107 
264108 
264109 
264110 
264111 
264112 
264113 
264114 
264115 
264116 
264117 
264118 
264119 
264120 
264121 
264122 
264123 
264124 
264125 
264126 
264127 
264128 
264129 
264130 
264131 
264132 
264133 
264134 
264135 
264136 
264137 
264138 
264139 
264140 
264141 
264142 
264143 
264144 
264145 
264146 
264147 
264148 
264149 
264150 
264151 
264152 
264153 
264154 
264155 
264156 
264157 
264158 
264159 
264160 
264161 
264162 
264163 
264164 
264165 
264166 
264167 
264168 
264169 
264170 
264171 
264172 
264173 
264174 
264175 
264176 
264177 
264178 
264179 
264180 
264181 
264182 
264183 
264184 
264185 
264186 
264187 
264188 
264189 
264190 
264191 
264192 
264193 
264194 
264195 
264196 
264197 
264198 
264199 
264200 
264201 
264202 
264203 
264204 
264205 
264206 
264207 
264208 
264209 
264210 
264211 
264212 
264213 
264214 
264215 
264216 
264217 
264218 
264219 
264220 
264221 
264222 
264223 
264224 
264225 
264226 
264227 
264228 
264229 
264230 
264231 
264232 
264233 
264234 
264235 
264236 
264237 
264238 
264239 
264240 
264241 
264242 
264243 
264244 
264245 
264246 
264247 
264248 
264249 
264250 
264251 
264252 
264253 
264254 
264255 
264256 
264257 
264258 
264259 
264260 
264261 
264262 
264263 
264264 
264265 
264266 
264267 
264268 
264269 
264270 
264271 
264272 
264273 
264274 
264275 
264276 
264277 
264278 
264279 
264280 
264281 
264282 
264283 
264284 
264285 
264286 
264287 
264288 
264289 
264290 
264291 
264292 
264293 
264294 
264295 
264296 
264297 
264298 
264299 
264300 
264301 
264302 
264303 
264304 
264305 
264306 
264307 
264308 
264309 
264310 
264311 
264312 
264313 
264314 
264315 
264316 
264317 
264318 
264319 
264320 
264321 
264322 
264323 
264324 
264325 
264326 
264327 
264328 
264329 
264330 
264331 
264332 
264333 
264334 
264335 
264336 
264337 
264338 
264339 
264340 
264341 
264342 
264343 
264344 
264345 
264346 
264347 
264348 
264349 
264350 
264351 
264352 
264353 
264354 
264355 
264356 
264357 
264358 
264359 
264360 
264361 
264362 
264363 
264364 
264365 
264366 
264367 
264368 
264369 
264370 
264371 
264372 
264373 
264374 
264375 
264376 
264377 
264378 
264379 
264380 
264381 
264382 
264383 
264384 
264385 
264386 
264387 
264388 
264389 
264390 
264391 
264392 
264393 
264394 
264395 
264396 
264397 
264398 
264399 
264400 
264401 
264402 
264403 
264404 
264405 
264406 
264407 
264408 
264409 
264410 
264411 
264412 
264413 
264414 
264415 
264416 
264417 
264418 
264419 
264420 
264421 
264422 
264423 
264424 
264425 
264426 
264427 
264428 
264429 
264430 
264431 
264432 
264433 
264434 
264435 
264436 
264437 
264438 
264439 
264440 
264441 
264442 
264443 
264444 
264445 
264446 
264447 
264448 
264449 
264450 
264451 
264452 
264453 
264454 
264455 
264456 
264457 
264458 
264459 
264460 
264461 
264462 
264463 
264464 
264465 
264466 
264467 
264468 
264469 
264470 
264471 
264472 
264473 
264474 
264475 
264476 
264477 
264478 
264479 
264480 
264481 
264482 
264483 
264484 
264485 
264486 
264487 
264488 
264489 
264490 
264491 
264492 
264493 
264494 
264495 
264496 
264497 
264498 
264499 
264500 
264501 
264502 
264503 
264504 
264505 
264506 
264507 
264508 
264509 
264510 
264511 
264512 
264513 
264514 
264515 
264516 
264517 
264518 
264519 
264520 
264521 
264522 
264523 
264524 
264525 
264526 
264527 
264528 
264529 
264530 
264531 
264532 
264533 
264534 
264535 
264536 
264537 
264538 
264539 
264540 
264541 
264542 
264543 
264544 
264545 
264546 
264547 
264548 
264549 
264550 
264551 
264552 
264553 
264554 
264555 
264556 
264557 
264558 
264559 
264560 
264561 
264562 
264563 
264564 
264565 
264566 
264567 
264568 
264569 
264570 
264571 
264572 
264573 
264574 
264575 
264576 
264577 
264578 
264579 
264580 
264581 
264582 
264583 
264584 
264585 
264586 
264587 
264588 
264589 
264590 
264591 
264592 
264593 
264594 
264595 
264596 
264597 
264598 
264599 
264600 
264601 
264602 
264603 
264604 
264605 
264606 
264607 
264608 
264609 
264610 
264611 
264612 
264613 
264614 
264615 
264616 
264617 
264618 
264619 
264620 
264621 
264622 
264623 
264624 
264625 
264626 
264627 
264628 
264629 
264630 
264631 
264632 
264633 
264634 
264635 
264636 
264637 
264638 
264639 
264640 
264641 
264642 
264643 
264644 
264645 
264646 
264647 
264648 
264649 
264650 
264651 
264652 
264653 
264654 
264655 
264656 
264657 
264658 
264659 
264660 
264661 
264662 
264663 
264664 
264665 
264666 
264667 
264668 
264669 
264670 
264671 
264672 
264673 
264674 
264675 
264676 
264677 
264678 
264679 
264680 
264681 
264682 
264683 
264684 
264685 
264686 
264687 
264688 
264689 
264690 
264691 
264692 
264693 
264694 
264695 
264696 
264697 
264698 
264699 
264700 
264701 
264702 
264703 
264704 
264705 
264706 
264707 
264708 
264709 
264710 
264711 
264712 
264713 
264714 
264715 
264716 
264717 
264718 
264719 
264720 
264721 
264722 
264723 
264724 
264725 
264726 
264727 
264728 
264729 
264730 
264731 
264732 
264733 
264734 
264735 
264736 
264737 
264738 
264739 
264740 
264741 
264742 
264743 
264744 
264745 
264746 
264747 
264748 
264749 
264750 
264751 
264752 
264753 
264754 
264755 
264756 
264757 
264758 
264759 
264760 
264761 
264762 
264763 
264764 
264765 
264766 
264767 
264768 
264769 
261770 
261771 
261772 
261773 
261774 
261775 
261776 
261777 
261778 
261779 
261780 
261781 
261782 
261783 
261784 
261785 
261786 
261787 
261788 
261789 
261790 
261791 
261792 
261793 
261794 
261795 
261796 
261797 
261798 
261799 
261800 
261801 
261802 
261803 
261804 
261805 
261806 
261807 
261808 
261809 
261810 
261811 
261812 
261813 
261814 
261815 
261816 
261817 
261818 
261819 
261820 
261821 
261822 
261823 
261824 
261825 
261826 
261827 
261828 
261829 
261830 
261831 
261832 
261833 
261834 
261835 
261836 
261837 
261838 
261839 
261840 
261841 
261842 
261843 
261844 
261845 
261846 
261847 
261848 
261849 
261850 
261851 
261852 
261853 
261854 
261855 
261856 
261857 
261858 
261859 
261860 
261861 
261862 
261863 
261864 
261865 
261866 
261867 
261868 
261869 
261870 
261871 
261872 
261873 
261874 
261875 
261876 
261877 
261878 
261879 
261880 
261881 
261882 
261883 
261884 
261885 
261886 
261887 
261888 
261889 
261890 
261891 
261892 
261893 
261894 
261895 
261896 
261897 
261898 
261899 
261900 
261901 
261902 
261903 
261904 
261905 
261906 
261907 
261908 
261909 
261910 
261911 
261912 
261913 
261914 
261915 
261916 
261917 
261918 
261919 
261920 
261921 
261922 
261923 
261924 
261925 
261926 
261927 
261928 
261929 
261930 
261931 
261932 
261933 
261934 
261935 
261936 
261937 
261938 
261939 
261940 
261941 
261942 
261943 
261944 
261945 
261946 
261947 
261948 
261949 
261950 
261951 
261952 
261953 
261954 
261955 
261956 
261957 
261958 
261959 
261960 
261961 
261962 
261963 
261964 
261965 
261966 
261967 
261968 
261969 
261970 
261971 
261972 
261973 
261974 
261975 
261976 
261977 
261978 
261979 
261980 
261981 
261982 
261983 
261984 
261985 
261986 
261987 
261988 
261989 
261990 
261991 
261992 
261993 
261994 
261995 
261996 
261997 
261998 
261999 
262000 
262001 
262002 
262003 
262004 
262005 
262006 
262007 
262008 
262009 
262010 
262011 
262012 
262013 
262014 
262015 
262016 
262017 
262018 
262019 
262020 
262021 
262022 
262023 
262024 
262025 
262026 
262027 
262028 
262029 
262030 
262031 
262032 
262033 
262034 
262035 
262036 
262037 
262038 
262039 
262040 
262041 
262042 
262043 
262044 
262045 
262046 
262047 
262048 
262049 
262050 
262051 
262052 
262053 
262054 
262055 
262056 
262057 
262058 
262059 
262060 
262061 
262062 
262063 
262064 
262065 
262066 
262067 
262068 
262069 
262070 
262071 
262072 
262073 
262074 
262075 
262076 
262077 
262078 
262079 
262080 
262081 
262082 
262083 
262084 
262085 
262086 
262087 
262088 
262089 
262090 
262091 
262092 
262093 
262094 
262095 
262096 
262097 
262098 
262099 
262100 
262101 
262102 
262103 
262104 
262105 
262106 
262107 
262108 
262109 
262110 
262111 
262112 
262113 
262114 
262115 
262116 
262117 
262118 
262119 
262120 
262121 
262122 
262123 
262124 
262125 
262126 
262127 
262128 
262129 
262130 
262131 
262132 
262133 
262134 
262135 
262136 
262137 
262138 
262139 
262140 
262141 
262142 
262143 
)

// ************************************************************************* //
